kreska_20221213-083716_300_401.png 314.0 386.0 350.0 300.0 401.0 350.5 -0.5
kreska_20221213-083747_300_401.png 421.0 496.0 458.5 300.0 401.0 350.5 108.0
kreska_20221213-083815_300_401.png 155.0 229.0 192.0 300.0 401.0 350.5 -158.5
kreska_20221213-144717_300_401.png 307.0 418.0 362.5 300.0 401.0 350.5 12.0
kreska_20221213-144727_300_401.png 364.0 471.0 417.5 300.0 401.0 350.5 67.0
kreska_20221213-144740_300_401.png 261.0 368.0 314.5 300.0 401.0 350.5 -36.0
kreska_20221219-173326_243_321.png 245.0 327.0 286.0 243.0 321.0 282.0 4.0
kreska_20221219-173605_174_252.png 384.0 457.0 420.5 174.0 252.0 213.0 207.5
kreska_20221221-155047_305_388.png 312.0 391.0 351.5 305.0 388.0 346.5 5.0
kreska_20221221-155255_435_518.png 443.0 520.0 481.5 435.0 518.0 476.5 5.0
kreska_20221221-155325_472_555.png 147.0 227.0 187.0 472.0 555.0 513.5 -326.5
kreska_20221213-083716_300_401.png 314.0 386.0 350.0 300.0 401.0 350.5 -0.5
kreska_20221213-083747_300_401.png 421.0 496.0 458.5 300.0 401.0 350.5 108.0
kreska_20221213-083815_300_401.png 155.0 229.0 192.0 300.0 401.0 350.5 -158.5
kreska_20221213-144717_300_401.png 307.0 418.0 362.5 300.0 401.0 350.5 12.0
kreska_20221213-144727_300_401.png 364.0 471.0 417.5 300.0 401.0 350.5 67.0
kreska_20221213-083716_300_401.png 314.0 386.0 350.0 300.0 401.0 350.5 -0.5
kreska_20221213-083747_300_401.png 421.0 496.0 458.5 300.0 401.0 350.5 108.0
kreska_20221213-083815_300_401.png 155.0 229.0 192.0 300.0 401.0 350.5 -158.5
kreska_20221213-144717_300_401.png 307.0 418.0 362.5 300.0 401.0 350.5 12.0
kreska_20221213-144727_300_401.png 364.0 471.0 417.5 300.0 401.0 350.5 67.0
kreska_20221213-144740_300_401.png 261.0 368.0 314.5 300.0 401.0 350.5 -36.0
kreska_20221219-173326_243_321.png 245.0 327.0 286.0 243.0 321.0 282.0 4.0
kreska_20221213-083716_300_401.png 314.0 386.0 350.0 300.0 401.0 350.5 -0.5
kreska_20221213-083747_300_401.png 421.0 496.0 458.5 300.0 401.0 350.5 108.0
kreska_20221213-083815_300_401.png 155.0 229.0 192.0 300.0 401.0 350.5 -158.5
kreska_20221213-144717_300_401.png 307.0 418.0 362.5 300.0 401.0 350.5 12.0
kreska_20221213-083716_300_401.png 314.0 386.0 350.0 300.0 401.0 350.5 -0.5
kreska_20221213-144717_300_401.png 307.0 418.0 362.5 300.0 401.0 350.5 12.0
kreska_20230119-143129_308_357.png 315.0 356.0 335.5 308.0 357.0 332.5 3.0
kreska_20230119-143302_307_356.png 306.0 363.0 334.5 307.0 356.0 331.5 3.0
kreska_20230119-143420_307_356.png 552.0 639.0 595.5 307.0 356.0 331.5 264.0
kreska_20230119-143942_307_356.png 297.0 366.0 331.5 307.0 356.0 331.5 0.0
kreska_20230119-150557_307_356.png 302.0 355.0 328.5 307.0 356.0 331.5 -3.0
kreska_20230119-150711_307_356.png 303.0 361.0 332.0 307.0 356.0 331.5 0.5
kreska_20230119-150844_307_356.png 309.0 365.0 337.0 307.0 356.0 331.5 5.5
