kreska_20221213-083716_300_401.png 379.0 318.0 348.0 300.0 401.0 350.5 -2.5
kreska_20221213-144717_300_401.png 410.0 369.0 389.0 300.0 401.0 350.5 38.5
kreska_20221213-144727_300_401.png 405.0 424.0 414.0 300.0 401.0 350.5 63.5
kreska_20221213-144740_300_401.png 360.0 323.0 341.0 300.0 401.0 350.5 -9.5
kreska_20221219-173326_243_321.png 314.0 247.0 280.0 243.0 321.0 282.0 -2.0
kreska_20221219-173605_174_252.png 449.0 385.0 417.0 174.0 252.0 213.0 204.0
kreska_20221221-155047_305_388.png 379.0 311.0 345.0 305.0 388.0 346.5 -1.5
kreska_20221221-155359_517_600.png 259.0 195.0 227.0 517.0 600.0 558.5 -331.5
kreska_20221221-155435_540_623.png 283.0 219.0 251.0 540.0 623.0 581.5 -330.5
kreska_20221221-155504_514_597.png 258.0 194.0 226.0 514.0 597.0 555.5 -329.5
kreska_20221221-155617_356_439.png 430.0 362.0 396.0 356.0 439.0 397.5 -1.5
kreska_20221221-155629_295_378.png 369.0 301.0 335.0 295.0 378.0 336.5 -1.5
kreska_20221221-155646_227_310.png 300.0 233.0 266.0 227.0 310.0 268.5 -2.5
kreska_20221221-160001_192_275.png 265.0 197.0 231.0 192.0 275.0 233.5 -2.5
kreska_20221221-160016_240_323.png 314.0 247.0 280.0 240.0 323.0 281.5 -1.5
kreska_20221221-160037_320_403.png 395.0 326.0 360.0 320.0 403.0 361.5 -1.5
kreska_20221221-160124_305_388.png 379.0 311.0 345.0 305.0 388.0 346.5 -1.5
kreska_20221221-160137_285_368.png 359.0 291.0 325.0 285.0 368.0 326.5 -1.5
kreska_20221221-160158_244_327.png 318.0 250.0 284.0 244.0 327.0 285.5 -1.5
kreska_20221221-160250_361_444.png 435.0 367.0 401.0 361.0 444.0 402.5 -1.5
kreska_20221221-160310_322_405.png 396.0 328.0 362.0 322.0 405.0 363.5 -1.5
kreska_20221221-160329_295_378.png 369.0 301.0 335.0 295.0 378.0 336.5 -1.5
kreska_20221221-160339_259_342.png 333.0 265.0 299.0 259.0 342.0 300.5 -1.5
kreska_20230119-143129_308_357.png 316.0 343.0 329.0 308.0 357.0 332.5 -3.5
kreska_20230119-143151_307_356.png 316.0 343.0 329.0 307.0 356.0 331.5 -2.5
kreska_20230119-143302_307_356.png 310.0 363.0 336.0 307.0 356.0 331.5 4.5
kreska_20230119-143420_307_356.png 303.0 345.0 324.0 307.0 356.0 331.5 -7.5
kreska_20230119-143707_307_356.png 314.0 340.0 327.0 307.0 356.0 331.5 -4.5
kreska_20230119-143820_307_356.png 309.0 362.0 335.0 307.0 356.0 331.5 3.5
kreska_20230119-143905_307_356.png 302.0 349.0 325.0 307.0 356.0 331.5 -6.5
kreska_20230119-143942_307_356.png 301.0 362.0 331.0 307.0 356.0 331.5 -0.5
kreska_20230119-144204_307_356.png 313.0 344.0 328.0 307.0 356.0 331.5 -3.5
kreska_20230119-144535_307_356.png 301.0 362.0 331.0 307.0 356.0 331.5 -0.5
kreska_20230119-144619_307_356.png 317.0 343.0 330.0 307.0 356.0 331.5 -1.5
kreska_20230119-144717_307_356.png 304.0 357.0 330.0 307.0 356.0 331.5 -1.5
kreska_20230119-144755_307_356.png 301.0 348.0 324.0 307.0 356.0 331.5 -7.5
kreska_20230119-144830_307_356.png 301.0 362.0 331.0 307.0 356.0 331.5 -0.5
kreska_20230119-150557_307_356.png 302.0 362.0 332.0 307.0 356.0 331.5 0.5
kreska_20230119-150711_307_356.png 287.0 415.0 351.0 307.0 356.0 331.5 19.5
kreska_20230119-150844_307_356.png 304.0 364.0 334.0 307.0 356.0 331.5 2.5
kreska_20230119-150950_307_356.png 253.0 363.0 308.0 307.0 356.0 331.5 -23.5
kreska_20230119-151028_307_356.png 345.0 318.0 331.0 307.0 356.0 331.5 -0.5
kreska_20230119-151048_307_356.png 300.0 417.0 358.0 307.0 356.0 331.5 26.5
kreska_20230119-151214_307_356.png 347.0 306.0 326.0 307.0 356.0 331.5 -5.5
kreska_20230119-151309_307_356.png 291.0 361.0 326.0 307.0 356.0 331.5 -5.5
kreska_20230119-152000_307_356.png 345.0 319.0 332.0 307.0 356.0 331.5 0.5
kreska_20230119-152041_307_356.png 425.0 313.0 369.0 307.0 356.0 331.5 37.5
kreska_20230119-153118_307_356.png 354.0 310.0 332.0 307.0 356.0 331.5 0.5
kreska_20230119-153156_307_356.png 347.0 316.0 331.0 307.0 356.0 331.5 -0.5
kreska_20230119-153230_307_356.png 350.0 316.0 333.0 307.0 356.0 331.5 1.5
kreska_20230119-153352_307_356.png 353.0 312.0 332.0 307.0 356.0 331.5 0.5
kreska_20230119-153451_307_356.png 353.0 309.0 331.0 307.0 356.0 331.5 -0.5
kreska_20230119-153536_307_356.png 345.0 316.0 330.0 307.0 356.0 331.5 -1.5
kreska_20230119-153618_307_356.png 351.0 317.0 334.0 307.0 356.0 331.5 2.5
kreska_20230119-153727_307_356.png 353.0 311.0 332.0 307.0 356.0 331.5 0.5
kreska_20230119-153813_307_356.png 352.0 309.0 330.0 307.0 356.0 331.5 -1.5
kreska_20230119-153844_307_356.png 348.0 318.0 333.0 307.0 356.0 331.5 1.5
kreska_20230119-154646_307_356.png 351.0 312.0 331.0 307.0 356.0 331.5 -0.5
kreska_20230119-154820_307_356.png 350.0 309.0 329.0 307.0 356.0 331.5 -2.5
kreska_20230119-154913_307_356.png 348.0 316.0 332.0 307.0 356.0 331.5 0.5
kreska_20230119-154937_307_356.png 348.0 316.0 332.0 307.0 356.0 331.5 0.5
kreska_20230119-155048_307_356.png 353.0 313.0 333.0 307.0 356.0 331.5 1.5
kreska_20230119-155148_307_356.png 351.0 312.0 331.0 307.0 356.0 331.5 -0.5
kreska_20230119-155247_307_356.png 353.0 313.0 333.0 307.0 356.0 331.5 1.5
kreska_20230119-155329_307_356.png 347.0 314.0 330.0 307.0 356.0 331.5 -1.5
kreska_20230119-155352_307_356.png 348.0 318.0 333.0 307.0 356.0 331.5 1.5
kreska_20230119-155512_307_356.png 349.0 311.0 330.0 307.0 356.0 331.5 -1.5
kreska_20230119-155614_307_356.png 351.0 311.0 331.0 307.0 356.0 331.5 -0.5
kreska_20230119-155718_307_356.png 350.0 317.0 333.0 307.0 356.0 331.5 1.5
kreska_20230119-160957_298_395.png 384.0 303.0 343.0 298.0 395.0 346.5 -3.5
kreska_20230119-161016_298_395.png 378.0 301.0 339.0 298.0 395.0 346.5 -7.5
kreska_20230119-161034_298_395.png 394.0 304.0 349.0 298.0 395.0 346.5 2.5
kreska_20230119-161129_298_395.png 338.0 254.0 296.0 298.0 395.0 346.5 -50.5
kreska_20230119-161218_298_395.png 383.0 302.0 342.0 298.0 395.0 346.5 -4.5
kreska_20230119-161327_298_395.png 394.0 304.0 349.0 298.0 395.0 346.5 2.5
kreska_20230119-161419_298_395.png 347.0 262.0 304.0 298.0 395.0 346.5 -42.5
kreska_20230119-161505_298_395.png 384.0 303.0 343.0 298.0 395.0 346.5 -3.5
kreska_20230119-161550_298_395.png 379.0 302.0 340.0 298.0 395.0 346.5 -6.5
kreska_20230119-165937_264_361.png 320.0 264.0 292.0 264.0 361.0 312.5 -20.5
kreska_20230119-170031_264_361.png 352.0 271.0 311.0 264.0 361.0 312.5 -1.5
kreska_20230119-170109_264_361.png 352.0 271.0 311.0 264.0 361.0 312.5 -1.5
kreska_20230119-170143_264_361.png 352.0 272.0 312.0 264.0 361.0 312.5 -0.5
kreska_20230119-170232_264_361.png 353.0 273.0 313.0 264.0 361.0 312.5 0.5
kreska_20230119-170307_264_361.png 354.0 274.0 314.0 264.0 361.0 312.5 1.5
kreska_20230119-170355_264_361.png 356.0 269.0 312.0 264.0 361.0 312.5 -0.5
kreska_20230119-170422_264_361.png 354.0 270.0 312.0 264.0 361.0 312.5 -0.5
kreska_20230119-170449_264_361.png 356.0 272.0 314.0 264.0 361.0 312.5 1.5
kreska_20230119-170510_264_361.png 354.0 272.0 313.0 264.0 361.0 312.5 0.5
kreska_20230119-170546_264_361.png 355.0 272.0 313.0 264.0 361.0 312.5 0.5
kreska_20230119-170630_264_361.png 316.0 259.0 287.0 264.0 361.0 312.5 -25.5
kreska_20230119-170721_264_361.png 354.0 272.0 313.0 264.0 361.0 312.5 0.5
kreska_20230119-170806_264_361.png 354.0 273.0 313.0 264.0 361.0 312.5 0.5
kreska_20230119-170835_264_361.png 353.0 273.0 313.0 264.0 361.0 312.5 0.5
kreska_20230119-170908_264_361.png 352.0 272.0 312.0 264.0 361.0 312.5 -0.5
kreska_20230119-171028_264_361.png 354.0 274.0 314.0 264.0 361.0 312.5 1.5
kreska_20230119-171140_264_361.png 355.0 268.0 311.0 264.0 361.0 312.5 -1.5
kreska_20230119-171254_264_361.png 356.0 271.0 313.0 264.0 361.0 312.5 0.5
kreska_20230119-171323_264_361.png 356.0 272.0 314.0 264.0 361.0 312.5 1.5
kreska_20230119-171402_264_361.png 353.0 270.0 311.0 264.0 361.0 312.5 -1.5
kreska_20230119-171429_264_361.png 353.0 271.0 312.0 264.0 361.0 312.5 -0.5
kreska_20230119-171528_264_361.png 316.0 259.0 287.0 264.0 361.0 312.5 -25.5
kreska_20230119-171557_264_361.png 354.0 273.0 313.0 264.0 361.0 312.5 0.5
kreska_20230119-171632_264_361.png 353.0 272.0 312.0 264.0 361.0 312.5 -0.5
kreska_20230119-171704_264_361.png 352.0 272.0 312.0 264.0 361.0 312.5 -0.5
kreska_20230119-171754_264_361.png 354.0 273.0 313.0 264.0 361.0 312.5 0.5
kreska_20230119-171906_264_361.png 353.0 273.0 313.0 264.0 361.0 312.5 0.5
kreska_20230119-171952_264_361.png 357.0 270.0 313.0 264.0 361.0 312.5 0.5
kreska_20230119-172036_264_361.png 354.0 269.0 311.0 264.0 361.0 312.5 -1.5
kreska_20230119-172138_264_361.png 354.0 270.0 312.0 264.0 361.0 312.5 -0.5
kreska_20230119-172210_264_361.png 351.0 268.0 309.0 264.0 361.0 312.5 -3.5
kreska_20230119-172557_264_361.png 353.0 274.0 313.0 264.0 361.0 312.5 0.5
kreska_20230119-172723_264_361.png 351.0 271.0 311.0 264.0 361.0 312.5 -1.5
kreska_20230119-172813_264_361.png 353.0 277.0 315.0 264.0 361.0 312.5 2.5
kreska_20230119-172849_264_361.png 353.0 279.0 316.0 264.0 361.0 312.5 3.5
kreska_20230119-172929_264_361.png 348.0 277.0 312.0 264.0 361.0 312.5 -0.5
kreska_20230119-173001_264_361.png 349.0 276.0 312.0 264.0 361.0 312.5 -0.5
kreska_20230119-173043_264_361.png 350.0 276.0 313.0 264.0 361.0 312.5 0.5
kreska_20230119-173134_264_361.png 351.0 276.0 313.0 264.0 361.0 312.5 0.5
kreska_20230119-173239_264_361.png 324.0 306.0 315.0 264.0 361.0 312.5 2.5
kreska_20230119-173302_264_361.png 353.0 274.0 313.0 264.0 361.0 312.5 0.5
kreska_20230119-173339_264_361.png 354.0 276.0 315.0 264.0 361.0 312.5 2.5
kreska_20230119-173417_264_361.png 352.0 275.0 313.0 264.0 361.0 312.5 0.5
kreska_20230119-173445_264_361.png 352.0 273.0 312.0 264.0 361.0 312.5 -0.5
kreska_20230119-173514_264_361.png 352.0 276.0 314.0 264.0 361.0 312.5 1.5
kreska_20230119-173551_264_361.png 349.0 276.0 312.0 264.0 361.0 312.5 -0.5
kreska_20230119-173628_264_361.png 350.0 278.0 314.0 264.0 361.0 312.5 1.5
kreska_20230119-173706_264_361.png 350.0 276.0 313.0 264.0 361.0 312.5 0.5
kreska_20230119-173829_264_361.png 352.0 277.0 314.0 264.0 361.0 312.5 1.5
kreska_20230119-173959_264_361.png 329.0 311.0 320.0 264.0 361.0 312.5 7.5
kreska_20230119-174029_264_361.png 351.0 273.0 312.0 264.0 361.0 312.5 -0.5
kreska_20230119-174058_264_361.png 355.0 276.0 315.0 264.0 361.0 312.5 2.5
kreska_20230119-174206_264_361.png 355.0 275.0 315.0 264.0 361.0 312.5 2.5
kreska_20230119-174246_264_361.png 353.0 276.0 314.0 264.0 361.0 312.5 1.5
kreska_20230119-174313_264_361.png 349.0 276.0 312.0 264.0 361.0 312.5 -0.5
kreska_20230119-174423_264_361.png 349.0 278.0 313.0 264.0 361.0 312.5 0.5
kreska_20230119-174452_264_361.png 348.0 275.0 311.0 264.0 361.0 312.5 -1.5
kreska_20230119-174513_264_361.png 351.0 276.0 313.0 264.0 361.0 312.5 0.5
kreska_20230119-174719_264_361.png 317.0 285.0 301.0 264.0 361.0 312.5 -11.5
kreska_20230119-174801_264_361.png 351.0 270.0 310.0 264.0 361.0 312.5 -2.5
kreska_20230119-174830_264_361.png 352.0 272.0 312.0 264.0 361.0 312.5 -0.5
kreska_20230119-174846_264_361.png 356.0 275.0 315.0 264.0 361.0 312.5 2.5
kreska_20230119-174916_264_361.png 354.0 272.0 313.0 264.0 361.0 312.5 0.5
kreska_20230119-174954_264_361.png 353.0 274.0 313.0 264.0 361.0 312.5 0.5
kreska_20230119-175054_264_361.png 353.0 274.0 313.0 264.0 361.0 312.5 0.5
kreska_20230119-175132_264_361.png 351.0 273.0 312.0 264.0 361.0 312.5 -0.5
kreska_20230119-175202_264_361.png 351.0 273.0 312.0 264.0 361.0 312.5 -0.5
kreska_20230119-175242_264_361.png 353.0 274.0 313.0 264.0 361.0 312.5 0.5
kreska_20230119-175316_264_361.png 350.0 274.0 312.0 264.0 361.0 312.5 -0.5
kreska_20230119-175354_264_361.png 319.0 287.0 303.0 264.0 361.0 312.5 -9.5
kreska_20230119-175432_264_361.png 350.0 269.0 309.0 264.0 361.0 312.5 -3.5
kreska_20230119-175502_264_361.png 351.0 270.0 310.0 264.0 361.0 312.5 -2.5
kreska_20230119-175536_264_361.png 356.0 275.0 315.0 264.0 361.0 312.5 2.5
kreska_20230119-175602_264_361.png 355.0 274.0 314.0 264.0 361.0 312.5 1.5
kreska_20230119-175656_264_361.png 354.0 275.0 314.0 264.0 361.0 312.5 1.5
kreska_20230119-175741_264_361.png 351.0 272.0 311.0 264.0 361.0 312.5 -1.5
kreska_20230119-180047_264_361.png 349.0 272.0 310.0 264.0 361.0 312.5 -2.5
kreska_20230119-180119_264_361.png 354.0 275.0 314.0 264.0 361.0 312.5 1.5
kreska_20230119-180139_264_361.png 350.0 272.0 311.0 264.0 361.0 312.5 -1.5
kreska_20230119-180221_264_361.png 353.0 276.0 314.0 264.0 361.0 312.5 1.5
kreska_20230119-180301_264_361.png 321.0 289.0 305.0 264.0 361.0 312.5 -7.5
kreska_20230119-180334_264_361.png 356.0 274.0 315.0 264.0 361.0 312.5 2.5
kreska_20230119-180412_264_361.png 353.0 272.0 312.0 264.0 361.0 312.5 -0.5
kreska_20230119-180456_264_361.png 352.0 272.0 312.0 264.0 361.0 312.5 -0.5
kreska_20230119-180532_264_361.png 352.0 271.0 311.0 264.0 361.0 312.5 -1.5
kreska_20230119-180612_264_361.png 351.0 272.0 311.0 264.0 361.0 312.5 -1.5
kreska_20230119-180709_264_361.png 355.0 277.0 316.0 264.0 361.0 312.5 3.5
kreska_20230119-180741_264_361.png 353.0 275.0 314.0 264.0 361.0 312.5 1.5
kreska_20230119-180805_264_361.png 353.0 275.0 314.0 264.0 361.0 312.5 1.5
kreska_20230119-180836_264_361.png 351.0 273.0 312.0 264.0 361.0 312.5 -0.5
kreska_20230119-180912_264_361.png 354.0 277.0 315.0 264.0 361.0 312.5 2.5
kreska_20230119-181116_264_361.png 319.0 300.0 309.0 264.0 361.0 312.5 -3.5
kreska_20230119-181152_264_361.png 349.0 272.0 310.0 264.0 361.0 312.5 -2.5
kreska_20230119-181216_264_361.png 351.0 274.0 312.0 264.0 361.0 312.5 -0.5
kreska_20230119-181237_264_361.png 351.0 276.0 313.0 264.0 361.0 312.5 0.5
kreska_20230119-181334_264_361.png 348.0 274.0 311.0 264.0 361.0 312.5 -1.5
kreska_20230119-181437_264_361.png 348.0 280.0 314.0 264.0 361.0 312.5 1.5
kreska_20230119-181509_264_361.png 349.0 279.0 314.0 264.0 361.0 312.5 1.5
kreska_20230119-181558_264_361.png 349.0 276.0 312.0 264.0 361.0 312.5 -0.5
kreska_20230119-181620_264_361.png 349.0 275.0 312.0 264.0 361.0 312.5 -0.5
kreska_20230119-181652_264_361.png 347.0 277.0 312.0 264.0 361.0 312.5 -0.5
kreska_20230119-181726_264_361.png 353.0 280.0 316.0 264.0 361.0 312.5 3.5
kreska_20230119-181813_264_361.png 315.0 293.0 304.0 264.0 361.0 312.5 -8.5
kreska_20230119-181901_264_361.png 355.0 278.0 316.0 264.0 361.0 312.5 3.5
kreska_20230119-181925_264_361.png 349.0 273.0 311.0 264.0 361.0 312.5 -1.5
kreska_20230119-181935_264_361.png 349.0 273.0 311.0 264.0 361.0 312.5 -1.5
kreska_20230119-182024_264_361.png 351.0 277.0 314.0 264.0 361.0 312.5 1.5
kreska_20230119-182122_264_361.png 346.0 278.0 312.0 264.0 361.0 312.5 -0.5
kreska_20230119-182221_264_361.png 347.0 276.0 311.0 264.0 361.0 312.5 -1.5
kreska_20230119-182259_264_361.png 348.0 274.0 311.0 264.0 361.0 312.5 -1.5
kreska_20230119-182335_264_361.png 348.0 276.0 312.0 264.0 361.0 312.5 -0.5
kreska_20230119-182411_264_361.png 347.0 277.0 312.0 264.0 361.0 312.5 -0.5
kreska_20230119-182431_264_361.png 349.0 276.0 312.0 264.0 361.0 312.5 -0.5
kreska_20230119-182513_264_361.png 322.0 300.0 311.0 264.0 361.0 312.5 -1.5
kreska_20230119-182548_264_361.png 353.0 276.0 314.0 264.0 361.0 312.5 1.5
kreska_20230119-182605_264_361.png 349.0 273.0 311.0 264.0 361.0 312.5 -1.5
kreska_20230119-182616_264_361.png 348.0 273.0 310.0 264.0 361.0 312.5 -2.5
kreska_20230119-182635_264_361.png 351.0 276.0 313.0 264.0 361.0 312.5 0.5
kreska_20230119-182659_264_361.png 347.0 279.0 313.0 264.0 361.0 312.5 0.5
kreska_20230119-182726_264_361.png 351.0 280.0 315.0 264.0 361.0 312.5 2.5
kreska_20230119-182800_264_361.png 350.0 277.0 313.0 264.0 361.0 312.5 0.5
kreska_20230119-182822_264_361.png 351.0 277.0 314.0 264.0 361.0 312.5 1.5
kreska_20230119-182857_264_361.png 348.0 278.0 313.0 264.0 361.0 312.5 0.5
kreska_20230119-183242_264_361.png 323.0 273.0 298.0 264.0 361.0 312.5 -14.5
kreska_20230119-183256_264_361.png 357.0 267.0 312.0 264.0 361.0 312.5 -0.5
kreska_20230119-183346_264_361.png 353.0 265.0 309.0 264.0 361.0 312.5 -3.5
kreska_20230119-183422_264_361.png 351.0 265.0 308.0 264.0 361.0 312.5 -4.5
kreska_20230119-183505_264_361.png 359.0 272.0 315.0 264.0 361.0 312.5 2.5
kreska_20230119-183550_264_361.png 362.0 450.0 406.0 264.0 361.0 312.5 93.5
kreska_20230119-183643_264_361.png 359.0 447.0 403.0 264.0 361.0 312.5 90.5
kreska_20230119-183732_264_361.png 363.0 450.0 406.0 264.0 361.0 312.5 93.5
kreska_20230119-183915_264_361.png 361.0 272.0 316.0 264.0 361.0 312.5 3.5
kreska_20230119-183934_264_361.png 320.0 269.0 294.0 264.0 361.0 312.5 -18.5
kreska_20230119-184001_264_361.png 356.0 266.0 311.0 264.0 361.0 312.5 -1.5
kreska_20230119-184028_264_361.png 352.0 263.0 307.0 264.0 361.0 312.5 -5.5
kreska_20230119-184040_264_361.png 354.0 267.0 310.0 264.0 361.0 312.5 -2.5
kreska_20230119-184126_264_361.png 358.0 271.0 314.0 264.0 361.0 312.5 1.5
kreska_20230119-184214_264_361.png 358.0 446.0 402.0 264.0 361.0 312.5 89.5
kreska_20230119-184243_264_361.png 362.0 450.0 406.0 264.0 361.0 312.5 93.5
kreska_20230119-184319_264_361.png 361.0 448.0 404.0 264.0 361.0 312.5 91.5
kreska_20230119-184347_264_361.png 355.0 271.0 313.0 264.0 361.0 312.5 0.5
kreska_20230119-184448_264_361.png 356.0 266.0 311.0 264.0 361.0 312.5 -1.5
kreska_20230119-184536_264_361.png 319.0 268.0 293.0 264.0 361.0 312.5 -19.5
kreska_20230119-184607_264_361.png 359.0 270.0 314.0 264.0 361.0 312.5 1.5
kreska_20230119-184627_264_361.png 351.0 262.0 306.0 264.0 361.0 312.5 -6.5
kreska_20230119-184659_264_361.png 353.0 267.0 310.0 264.0 361.0 312.5 -2.5
kreska_20230119-184725_264_361.png 353.0 266.0 309.0 264.0 361.0 312.5 -3.5
kreska_20230119-184818_264_361.png 360.0 446.0 403.0 264.0 361.0 312.5 90.5
kreska_20230119-184841_264_361.png 359.0 448.0 403.0 264.0 361.0 312.5 90.5
kreska_20230119-184918_264_361.png 360.0 446.0 403.0 264.0 361.0 312.5 90.5
kreska_20230119-184952_264_361.png 354.0 270.0 312.0 264.0 361.0 312.5 -0.5
kreska_20230119-185034_264_361.png 355.0 275.0 315.0 264.0 361.0 312.5 2.5
kreska_20230125-143843_268_369.png 318.0 299.0 308.0 268.0 369.0 318.5 -10.5
kreska_20230125-143956_268_369.png 357.0 280.0 318.0 268.0 369.0 318.5 -0.5
kreska_20230125-144027_268_369.png 341.0 270.0 305.0 268.0 369.0 318.5 -13.5
kreska_20230125-144058_268_369.png 361.0 436.0 398.0 268.0 369.0 318.5 79.5
kreska_20230125-144131_268_369.png 354.0 291.0 322.0 268.0 369.0 318.5 3.5
kreska_20230125-144203_268_369.png 352.0 273.0 312.0 268.0 369.0 318.5 -6.5
kreska_20230125-144231_268_369.png 346.0 276.0 311.0 268.0 369.0 318.5 -7.5
kreska_20230125-144310_268_369.png 347.0 272.0 309.0 268.0 369.0 318.5 -9.5
kreska_20230125-144345_268_369.png 340.0 262.0 301.0 268.0 369.0 318.5 -17.5
kreska_20230125-144421_268_369.png 342.0 435.0 388.0 268.0 369.0 318.5 69.5
kreska_20230125-144511_268_369.png 341.0 439.0 390.0 268.0 369.0 318.5 71.5
kreska_20230125-144547_268_369.png 349.0 284.0 316.0 268.0 369.0 318.5 -2.5
kreska_20230125-144628_268_369.png 357.0 286.0 321.0 268.0 369.0 318.5 2.5
kreska_20230125-144657_268_369.png 357.0 288.0 322.0 268.0 369.0 318.5 3.5
kreska_20230125-144735_268_369.png 358.0 286.0 322.0 268.0 369.0 318.5 3.5
kreska_20230125-144809_268_369.png 356.0 283.0 319.0 268.0 369.0 318.5 0.5
kreska_20230125-144843_268_369.png 358.0 291.0 324.0 268.0 369.0 318.5 5.5
kreska_20230125-144944_268_369.png 357.0 290.0 323.0 268.0 369.0 318.5 4.5
kreska_20230125-145028_268_369.png 352.0 282.0 317.0 268.0 369.0 318.5 -1.5
kreska_20230125-145100_268_369.png 353.0 277.0 315.0 268.0 369.0 318.5 -3.5
kreska_20230125-145128_268_369.png 358.0 286.0 322.0 268.0 369.0 318.5 3.5
kreska_20230125-145155_268_369.png 354.0 436.0 395.0 268.0 369.0 318.5 76.5
kreska_20230125-145220_268_369.png 360.0 435.0 397.0 268.0 369.0 318.5 78.5
kreska_20230125-145249_268_369.png 353.0 285.0 319.0 268.0 369.0 318.5 0.5
kreska_20230125-145335_268_369.png 354.0 282.0 318.0 268.0 369.0 318.5 -0.5
kreska_20230125-145415_268_369.png 336.0 434.0 385.0 268.0 369.0 318.5 66.5
kreska_20230125-145505_268_369.png 351.0 270.0 310.0 268.0 369.0 318.5 -8.5
kreska_20230125-154326_268_369.png 350.0 278.0 314.0 268.0 369.0 318.5 -4.5
kreska_20230125-154639_268_369.png 357.0 283.0 320.0 268.0 369.0 318.5 1.5
kreska_20230125-154734_268_369.png 318.0 299.0 308.0 268.0 369.0 318.5 -10.5
kreska_20230125-154806_268_369.png 360.0 285.0 322.0 268.0 369.0 318.5 3.5
kreska_20230125-154824_268_369.png 342.0 270.0 306.0 268.0 369.0 318.5 -12.5
kreska_20230125-154854_268_369.png 360.0 435.0 397.0 268.0 369.0 318.5 78.5
kreska_20230125-155003_268_369.png 357.0 297.0 327.0 268.0 369.0 318.5 8.5
kreska_20230125-155047_268_369.png 352.0 273.0 312.0 268.0 369.0 318.5 -6.5
kreska_20230125-155121_268_369.png 348.0 278.0 313.0 268.0 369.0 318.5 -5.5
kreska_20230125-155147_268_369.png 347.0 272.0 309.0 268.0 369.0 318.5 -9.5
kreska_20230125-155229_268_369.png 340.0 433.0 386.0 268.0 369.0 318.5 67.5
kreska_20230125-155252_268_369.png 343.0 436.0 389.0 268.0 369.0 318.5 70.5
kreska_20230125-155328_268_369.png 344.0 439.0 391.0 268.0 369.0 318.5 72.5
kreska_20230125-155401_268_369.png 353.0 286.0 319.0 268.0 369.0 318.5 0.5
kreska_20230125-155440_268_369.png 360.0 292.0 326.0 268.0 369.0 318.5 7.5
kreska_20230125-155724_268_369.png 355.0 287.0 321.0 268.0 369.0 318.5 2.5
kreska_20230125-155755_268_369.png 356.0 285.0 320.0 268.0 369.0 318.5 1.5
kreska_20230125-155850_268_369.png 355.0 284.0 319.0 268.0 369.0 318.5 0.5
kreska_20230125-155956_268_369.png 360.0 293.0 326.0 268.0 369.0 318.5 7.5
kreska_20230125-160034_268_369.png 359.0 292.0 325.0 268.0 369.0 318.5 6.5
kreska_20230125-160118_268_369.png 352.0 284.0 318.0 268.0 369.0 318.5 -0.5
kreska_20230125-160211_268_369.png 356.0 295.0 325.0 268.0 369.0 318.5 6.5
kreska_20230125-160257_268_369.png 361.0 290.0 325.0 268.0 369.0 318.5 6.5
kreska_20230125-160354_268_369.png 356.0 434.0 395.0 268.0 369.0 318.5 76.5
kreska_20230125-160446_268_369.png 364.0 270.0 317.0 268.0 369.0 318.5 -1.5
kreska_20230125-160522_268_369.png 354.0 286.0 320.0 268.0 369.0 318.5 1.5
kreska_20230125-160645_268_369.png 356.0 289.0 322.0 268.0 369.0 318.5 3.5
kreska_20230125-160716_268_369.png 335.0 433.0 384.0 268.0 369.0 318.5 65.5
kreska_20230125-160807_268_369.png 354.0 288.0 321.0 268.0 369.0 318.5 2.5
kreska_20230125-160852_268_369.png 352.0 280.0 316.0 268.0 369.0 318.5 -2.5
kreska_20230125-160931_268_369.png 344.0 279.0 311.0 268.0 369.0 318.5 -7.5
kreska_20230125-161000_268_369.png 348.0 289.0 318.0 268.0 369.0 318.5 -0.5
kreska_20230125-161025_268_369.png 354.0 280.0 317.0 268.0 369.0 318.5 -1.5
kreska_20230125-161132_268_369.png 316.0 297.0 306.0 268.0 369.0 318.5 -12.5
kreska_20230125-161216_268_369.png 360.0 284.0 322.0 268.0 369.0 318.5 3.5
kreska_20230125-161251_268_369.png 342.0 271.0 306.0 268.0 369.0 318.5 -12.5
kreska_20230125-161323_268_369.png 357.0 433.0 395.0 268.0 369.0 318.5 76.5
kreska_20230125-161402_268_369.png 355.0 295.0 325.0 268.0 369.0 318.5 6.5
kreska_20230125-161433_268_369.png 354.0 274.0 314.0 268.0 369.0 318.5 -4.5
kreska_20230125-161507_268_369.png 344.0 274.0 309.0 268.0 369.0 318.5 -9.5
kreska_20230125-161544_268_369.png 346.0 271.0 308.0 268.0 369.0 318.5 -10.5
kreska_20230125-161604_268_369.png 345.0 432.0 388.0 268.0 369.0 318.5 69.5
kreska_20230125-161645_268_369.png 339.0 433.0 386.0 268.0 369.0 318.5 67.5
kreska_20230125-161714_268_369.png 342.0 437.0 389.0 268.0 369.0 318.5 70.5
kreska_20230125-161740_268_369.png 353.0 288.0 320.0 268.0 369.0 318.5 1.5
kreska_20230125-161815_268_369.png 359.0 290.0 324.0 268.0 369.0 318.5 5.5
kreska_20230125-161847_268_369.png 355.0 286.0 320.0 268.0 369.0 318.5 1.5
kreska_20230125-161926_268_369.png 358.0 286.0 322.0 268.0 369.0 318.5 3.5
kreska_20230125-162053_268_369.png 357.0 284.0 320.0 268.0 369.0 318.5 1.5
kreska_20230125-162123_268_369.png 359.0 292.0 325.0 268.0 369.0 318.5 6.5
kreska_20230125-162204_268_369.png 355.0 289.0 322.0 268.0 369.0 318.5 3.5
kreska_20230125-162236_268_369.png 355.0 284.0 319.0 268.0 369.0 318.5 0.5
kreska_20230125-162313_268_369.png 355.0 281.0 318.0 268.0 369.0 318.5 -0.5
kreska_20230125-162349_268_369.png 357.0 285.0 321.0 268.0 369.0 318.5 2.5
kreska_20230125-162501_268_369.png 355.0 438.0 396.0 268.0 369.0 318.5 77.5
kreska_20230125-162536_268_369.png 361.0 267.0 314.0 268.0 369.0 318.5 -4.5
kreska_20230125-162626_268_369.png 356.0 288.0 322.0 268.0 369.0 318.5 3.5
kreska_20230125-162657_268_369.png 353.0 285.0 319.0 268.0 369.0 318.5 0.5
kreska_20230125-162801_268_369.png 339.0 437.0 388.0 268.0 369.0 318.5 69.5
kreska_20230125-162934_268_369.png 351.0 285.0 318.0 268.0 369.0 318.5 -0.5
kreska_20230125-163012_268_369.png 350.0 278.0 314.0 268.0 369.0 318.5 -4.5
kreska_20230125-163149_268_369.png 344.0 279.0 311.0 268.0 369.0 318.5 -7.5
kreska_20230125-163220_268_369.png 347.0 287.0 317.0 268.0 369.0 318.5 -1.5
kreska_20230125-163310_268_369.png 355.0 286.0 320.0 268.0 369.0 318.5 1.5
kreska_20230126-081438_300_401.png 357.0 339.0 348.0 300.0 401.0 350.5 -2.5
kreska_20230126-091756_300_401.png 318.0 302.0 310.0 300.0 401.0 350.5 -40.5
kreska_20230126-091907_300_401.png 318.0 302.0 310.0 300.0 401.0 350.5 -40.5
kreska_20230126-092007_300_401.png 356.0 339.0 347.0 300.0 401.0 350.5 -3.5
kreska_20230126-142722_270_371.png 361.0 274.0 317.0 270.0 371.0 320.5 -3.5
kreska_20230126-142813_270_371.png 358.0 290.0 324.0 270.0 371.0 320.5 3.5
kreska_20230126-142858_270_371.png 360.0 286.0 323.0 270.0 371.0 320.5 2.5
kreska_20230126-142932_270_371.png 346.0 285.0 315.0 270.0 371.0 320.5 -5.5
kreska_20230126-143016_270_371.png 358.0 282.0 320.0 270.0 371.0 320.5 -0.5
kreska_20230126-143034_270_371.png 352.0 286.0 319.0 270.0 371.0 320.5 -1.5
kreska_20230126-143058_270_371.png 363.0 276.0 319.0 270.0 371.0 320.5 -1.5
kreska_20230126-143133_270_371.png 353.0 287.0 320.0 270.0 371.0 320.5 -0.5
kreska_20230126-143220_270_371.png 350.0 293.0 321.0 270.0 371.0 320.5 0.5
kreska_20230126-143301_270_371.png 363.0 282.0 322.0 270.0 371.0 320.5 1.5
kreska_20230126-143436_270_371.png 323.0 307.0 315.0 270.0 371.0 320.5 -5.5
kreska_20230126-143520_270_371.png 367.0 294.0 330.0 270.0 371.0 320.5 9.5
kreska_20230126-143609_270_371.png 356.0 287.0 321.0 270.0 371.0 320.5 0.5
kreska_20230126-143645_270_371.png 359.0 283.0 321.0 270.0 371.0 320.5 0.5
kreska_20230126-143727_270_371.png 347.0 288.0 317.0 270.0 371.0 320.5 -3.5
kreska_20230126-143751_270_371.png 359.0 283.0 321.0 270.0 371.0 320.5 0.5
kreska_20230126-143822_270_371.png 352.0 288.0 320.0 270.0 371.0 320.5 -0.5
kreska_20230126-143910_270_371.png 366.0 279.0 322.0 270.0 371.0 320.5 1.5
kreska_20230126-143932_270_371.png 354.0 288.0 321.0 270.0 371.0 320.5 0.5
kreska_20230126-144005_270_371.png 355.0 293.0 324.0 270.0 371.0 320.5 3.5
kreska_20230126-144045_270_371.png 362.0 281.0 321.0 270.0 371.0 320.5 0.5
kreska_20230126-144219_270_371.png 320.0 304.0 312.0 270.0 371.0 320.5 -8.5
kreska_20230126-144254_270_371.png 362.0 296.0 329.0 270.0 371.0 320.5 8.5
kreska_20230126-144333_270_371.png 357.0 288.0 322.0 270.0 371.0 320.5 1.5
kreska_20230126-144408_270_371.png 354.0 284.0 319.0 270.0 371.0 320.5 -1.5
kreska_20230126-144440_270_371.png 346.0 284.0 315.0 270.0 371.0 320.5 -5.5
kreska_20230126-144515_270_371.png 359.0 282.0 320.0 270.0 371.0 320.5 -0.5
kreska_20230126-144543_270_371.png 353.0 288.0 320.0 270.0 371.0 320.5 -0.5
kreska_20230126-144606_270_371.png 365.0 278.0 321.0 270.0 371.0 320.5 0.5
kreska_20230126-144650_270_371.png 353.0 287.0 320.0 270.0 371.0 320.5 -0.5
kreska_20230126-144739_270_371.png 354.0 293.0 323.0 270.0 371.0 320.5 2.5
kreska_20230126-144823_270_371.png 363.0 281.0 322.0 270.0 371.0 320.5 1.5
kreska_20230208-120752_313_323.png 324.0 247.0 285.0 313.0 323.0 318.0 -33.0
kreska_20230208-121413_313_323.png 422.0 311.0 366.0 313.0 323.0 318.0 48.0
kreska_20230208-121445_313_323.png 422.0 311.0 366.0 313.0 323.0 318.0 48.0
kreska_20230208-121620_313_323.png 423.0 313.0 368.0 313.0 323.0 318.0 50.0
kreska_20230208-121717_313_323.png 323.0 246.0 284.0 313.0 323.0 318.0 -34.0
kreska_20230208-121757_313_323.png 421.0 310.0 365.0 313.0 323.0 318.0 47.0
kreska_20230208-121837_313_323.png 423.0 313.0 368.0 313.0 323.0 318.0 50.0
kreska_20230208-121916_313_323.png 423.0 314.0 368.0 313.0 323.0 318.0 50.0
kreska_20230208-122149_313_323.png 424.0 315.0 369.0 313.0 323.0 318.0 51.0
kreska_20230208-122221_313_323.png 423.0 312.0 367.0 313.0 323.0 318.0 49.0
kreska_20230208-122244_313_323.png 421.0 311.0 366.0 313.0 323.0 318.0 48.0
kreska_20230208-122306_313_323.png 423.0 311.0 367.0 313.0 323.0 318.0 49.0
kreska_20230208-122334_313_323.png 422.0 312.0 367.0 313.0 323.0 318.0 49.0
kreska_20230208-122527_313_323.png 325.0 248.0 286.0 313.0 323.0 318.0 -32.0
kreska_20230208-122747_313_323.png 423.0 312.0 367.0 313.0 323.0 318.0 49.0
kreska_20230208-122851_313_323.png 422.0 312.0 367.0 313.0 323.0 318.0 49.0
kreska_20230208-122937_313_323.png 423.0 311.0 367.0 313.0 323.0 318.0 49.0
kreska_20230208-123044_313_323.png 422.0 312.0 367.0 313.0 323.0 318.0 49.0
kreska_20230208-123141_313_323.png 423.0 314.0 368.0 313.0 323.0 318.0 50.0
kreska_20230208-123248_313_323.png 422.0 313.0 367.0 313.0 323.0 318.0 49.0
kreska_20230208-123314_313_323.png 423.0 312.0 367.0 313.0 323.0 318.0 49.0
kreska_20230208-123351_313_323.png 421.0 311.0 366.0 313.0 323.0 318.0 48.0
kreska_20230208-123417_313_323.png 423.0 312.0 367.0 313.0 323.0 318.0 49.0
kreska_20230208-123447_313_323.png 422.0 313.0 367.0 313.0 323.0 318.0 49.0
kreska_20230208-123518_313_323.png 324.0 247.0 285.0 313.0 323.0 318.0 -33.0
kreska_20230208-123604_313_323.png 424.0 313.0 368.0 313.0 323.0 318.0 50.0
kreska_20230208-123644_313_323.png 422.0 312.0 367.0 313.0 323.0 318.0 49.0
kreska_20230208-123719_313_323.png 423.0 312.0 367.0 313.0 323.0 318.0 49.0
kreska_20230208-123757_313_323.png 424.0 314.0 369.0 313.0 323.0 318.0 51.0
kreska_20230208-123852_313_323.png 423.0 314.0 368.0 313.0 323.0 318.0 50.0
kreska_20230208-123928_313_323.png 423.0 314.0 368.0 313.0 323.0 318.0 50.0
kreska_20230208-124009_313_323.png 422.0 312.0 367.0 313.0 323.0 318.0 49.0
kreska_20230208-124052_313_323.png 424.0 314.0 369.0 313.0 323.0 318.0 51.0
kreska_20230208-124121_313_323.png 423.0 312.0 367.0 313.0 323.0 318.0 49.0
kreska_20230208-124154_313_323.png 423.0 313.0 368.0 313.0 323.0 318.0 50.0
kreska_20230208-124824_286_341.png 328.0 297.0 312.0 286.0 341.0 313.5 -1.5
kreska_20230208-124916_286_341.png 333.0 295.0 314.0 286.0 341.0 313.5 0.5
kreska_20230208-124939_286_341.png 334.0 293.0 313.0 286.0 341.0 313.5 -0.5
kreska_20230208-125027_286_341.png 330.0 295.0 312.0 286.0 341.0 313.5 -1.5
kreska_20230208-125055_286_341.png 337.0 293.0 315.0 286.0 341.0 313.5 1.5
kreska_20230208-125144_286_341.png 331.0 301.0 316.0 286.0 341.0 313.5 2.5
kreska_20230208-125234_286_341.png 331.0 290.0 310.0 286.0 341.0 313.5 -3.5
kreska_20230208-125336_286_341.png 331.0 296.0 313.0 286.0 341.0 313.5 -0.5
kreska_20230208-125406_286_341.png 340.0 286.0 313.0 286.0 341.0 313.5 -0.5
kreska_20230208-125502_286_341.png 328.0 302.0 315.0 286.0 341.0 313.5 1.5
kreska_20230208-125546_286_341.png 329.0 301.0 315.0 286.0 341.0 313.5 1.5
kreska_20230208-125630_286_341.png 332.0 300.0 316.0 286.0 341.0 313.5 2.5
kreska_20230208-125658_286_341.png 332.0 294.0 313.0 286.0 341.0 313.5 -0.5
kreska_20230208-125728_286_341.png 333.0 292.0 312.0 286.0 341.0 313.5 -1.5
kreska_20230208-125832_286_341.png 332.0 296.0 314.0 286.0 341.0 313.5 0.5
kreska_20230208-125854_286_341.png 336.0 290.0 313.0 286.0 341.0 313.5 -0.5
kreska_20230208-125916_286_341.png 334.0 303.0 318.0 286.0 341.0 313.5 4.5
kreska_20230208-130027_286_341.png 335.0 293.0 314.0 286.0 341.0 313.5 0.5
kreska_20230208-130116_286_341.png 331.0 297.0 314.0 286.0 341.0 313.5 0.5
kreska_20230208-130200_286_341.png 339.0 285.0 312.0 286.0 341.0 313.5 -1.5
kreska_20230208-130221_286_341.png 329.0 302.0 315.0 286.0 341.0 313.5 1.5
kreska_20230208-130313_286_341.png 335.0 299.0 317.0 286.0 341.0 313.5 3.5
kreska_20230208-130351_286_341.png 332.0 301.0 316.0 286.0 341.0 313.5 2.5
kreska_20230208-130420_286_341.png 333.0 293.0 313.0 286.0 341.0 313.5 -0.5
kreska_20230208-130508_286_341.png 335.0 296.0 315.0 286.0 341.0 313.5 1.5
kreska_20230208-130534_286_341.png 331.0 296.0 313.0 286.0 341.0 313.5 -0.5
kreska_20230208-130605_286_341.png 336.0 291.0 313.0 286.0 341.0 313.5 -0.5
kreska_20230208-130643_286_341.png 336.0 305.0 320.0 286.0 341.0 313.5 6.5
kreska_20230208-130705_286_341.png 330.0 289.0 309.0 286.0 341.0 313.5 -4.5
kreska_20230208-130730_286_341.png 332.0 297.0 314.0 286.0 341.0 313.5 0.5
kreska_20230208-130759_286_341.png 338.0 283.0 310.0 286.0 341.0 313.5 -3.5
kreska_20230208-130844_286_341.png 326.0 300.0 313.0 286.0 341.0 313.5 -0.5
kreska_20230208-131125_293_348.png 333.0 309.0 321.0 293.0 348.0 320.5 0.5
kreska_20230208-131327_293_348.png 335.0 301.0 318.0 293.0 348.0 320.5 -2.5
kreska_20230208-131345_293_348.png 333.0 305.0 319.0 293.0 348.0 320.5 -1.5
kreska_20230208-131416_293_348.png 352.0 301.0 326.0 293.0 348.0 320.5 5.5
kreska_20230208-131503_293_348.png 346.0 303.0 324.0 293.0 348.0 320.5 3.5
kreska_20230208-131604_293_348.png 338.0 308.0 323.0 293.0 348.0 320.5 2.5
kreska_20230208-131755_293_348.png 333.0 302.0 317.0 293.0 348.0 320.5 -3.5
kreska_20230208-131815_293_348.png 338.0 305.0 321.0 293.0 348.0 320.5 0.5
kreska_20230208-131925_293_348.png 334.0 311.0 322.0 293.0 348.0 320.5 1.5
kreska_20230208-132136_293_348.png 344.0 305.0 324.0 293.0 348.0 320.5 3.5
kreska_20230208-132239_293_348.png 334.0 310.0 322.0 293.0 348.0 320.5 1.5
kreska_20230208-132345_293_348.png 339.0 306.0 322.0 293.0 348.0 320.5 1.5
kreska_20230208-132431_293_348.png 337.0 304.0 320.0 293.0 348.0 320.5 -0.5
kreska_20230208-132453_293_348.png 349.0 298.0 323.0 293.0 348.0 320.5 2.5
kreska_20230208-132527_293_348.png 344.0 300.0 322.0 293.0 348.0 320.5 1.5
kreska_20230208-132541_293_348.png 336.0 308.0 322.0 293.0 348.0 320.5 1.5
kreska_20230208-132605_293_348.png 335.0 304.0 319.0 293.0 348.0 320.5 -1.5
kreska_20230208-132641_293_348.png 337.0 304.0 320.0 293.0 348.0 320.5 -0.5
kreska_20230208-132720_293_348.png 335.0 304.0 319.0 293.0 348.0 320.5 -1.5
kreska_20230208-132757_293_348.png 333.0 310.0 321.0 293.0 348.0 320.5 0.5
kreska_20230208-132826_293_348.png 342.0 303.0 322.0 293.0 348.0 320.5 1.5
kreska_20230208-132903_293_348.png 333.0 307.0 320.0 293.0 348.0 320.5 -0.5
kreska_20230208-132949_293_348.png 337.0 302.0 319.0 293.0 348.0 320.5 -1.5
kreska_20230208-133013_293_348.png 333.0 302.0 317.0 293.0 348.0 320.5 -3.5
kreska_20230208-133041_293_348.png 352.0 301.0 326.0 293.0 348.0 320.5 5.5
kreska_20230208-133114_293_348.png 340.0 297.0 318.0 293.0 348.0 320.5 -2.5
kreska_20230208-133147_293_348.png 336.0 307.0 321.0 293.0 348.0 320.5 0.5
kreska_20230208-133217_293_348.png 333.0 302.0 317.0 293.0 348.0 320.5 -3.5
kreska_20230208-133256_293_348.png 340.0 306.0 323.0 293.0 348.0 320.5 2.5
kreska_20230208-133315_293_348.png 337.0 306.0 321.0 293.0 348.0 320.5 0.5
kreska_20230208-133327_293_348.png 334.0 311.0 322.0 293.0 348.0 320.5 1.5
kreska_20230208-133347_293_348.png 346.0 306.0 326.0 293.0 348.0 320.5 5.5
kreska_20230210-101002_295_379.png 342.0 325.0 333.0 295.0 379.0 337.0 -4.0
kreska_20230210-101043_295_379.png 375.0 297.0 336.0 295.0 379.0 337.0 -1.0
kreska_20230210-101101_295_379.png 368.0 292.0 330.0 295.0 379.0 337.0 -7.0
kreska_20230210-101147_295_379.png 376.0 313.0 344.0 295.0 379.0 337.0 7.0
kreska_20230210-101210_295_379.png 370.0 306.0 338.0 295.0 379.0 337.0 1.0
kreska_20230210-101433_295_379.png 365.0 296.0 330.0 295.0 379.0 337.0 -7.0
kreska_20230210-101443_295_379.png 366.0 292.0 329.0 295.0 379.0 337.0 -8.0
kreska_20230210-101453_295_379.png 374.0 450.0 412.0 295.0 379.0 337.0 75.0
kreska_20230210-101541_295_379.png 360.0 453.0 406.0 295.0 379.0 337.0 69.0
kreska_20230210-101626_295_379.png 356.0 290.0 323.0 295.0 379.0 337.0 -14.0
kreska_20230210-101703_295_379.png 374.0 307.0 340.0 295.0 379.0 337.0 3.0
kreska_20230210-101819_295_379.png 362.0 304.0 333.0 295.0 379.0 337.0 -4.0
kreska_20230210-101851_295_379.png 372.0 303.0 337.0 295.0 379.0 337.0 0.0
kreska_20230210-101941_295_379.png 373.0 304.0 338.0 295.0 379.0 337.0 1.0
kreska_20230210-102017_295_379.png 376.0 303.0 339.0 295.0 379.0 337.0 2.0
kreska_20230210-102045_295_379.png 375.0 308.0 341.0 295.0 379.0 337.0 4.0
kreska_20230210-102220_295_379.png 371.0 307.0 339.0 295.0 379.0 337.0 2.0
kreska_20230210-102234_295_379.png 366.0 295.0 330.0 295.0 379.0 337.0 -7.0
kreska_20230210-102328_295_379.png 374.0 307.0 340.0 295.0 379.0 337.0 3.0
kreska_20230210-102346_295_379.png 370.0 308.0 339.0 295.0 379.0 337.0 2.0
kreska_20230210-102456_295_379.png 363.0 294.0 328.0 295.0 379.0 337.0 -9.0
kreska_20230210-102546_295_379.png 372.0 309.0 340.0 295.0 379.0 337.0 3.0
kreska_20230210-102628_295_379.png 370.0 294.0 332.0 295.0 379.0 337.0 -5.0
kreska_20230210-102726_295_379.png 370.0 298.0 334.0 295.0 379.0 337.0 -3.0
kreska_20230210-102801_295_379.png 365.0 293.0 329.0 295.0 379.0 337.0 -8.0
kreska_20230210-102830_295_379.png 369.0 304.0 336.0 295.0 379.0 337.0 -1.0
kreska_20230210-102857_295_379.png 370.0 298.0 334.0 295.0 379.0 337.0 -3.0
kreska_20230210-103115_295_379.png 368.0 292.0 330.0 295.0 379.0 337.0 -7.0
kreska_20230210-103130_295_379.png 376.0 313.0 344.0 295.0 379.0 337.0 7.0
kreska_20230210-103156_295_379.png 368.0 304.0 336.0 295.0 379.0 337.0 -1.0
kreska_20230210-103209_295_379.png 364.0 290.0 327.0 295.0 379.0 337.0 -10.0
kreska_20230210-103233_295_379.png 368.0 299.0 333.0 295.0 379.0 337.0 -4.0
kreska_20230210-103247_295_379.png 365.0 291.0 328.0 295.0 379.0 337.0 -9.0
kreska_20230210-103303_295_379.png 372.0 449.0 410.0 295.0 379.0 337.0 73.0
kreska_20230210-103317_295_379.png 360.0 453.0 406.0 295.0 379.0 337.0 69.0
kreska_20230210-103353_295_379.png 357.0 291.0 324.0 295.0 379.0 337.0 -13.0
kreska_20230210-103515_295_379.png 375.0 310.0 342.0 295.0 379.0 337.0 5.0
kreska_20230210-103542_295_379.png 367.0 307.0 337.0 295.0 379.0 337.0 0.0
kreska_20230210-103626_295_379.png 371.0 301.0 336.0 295.0 379.0 337.0 -1.0
kreska_20230210-103710_295_379.png 368.0 300.0 334.0 295.0 379.0 337.0 -3.0
kreska_20230210-103729_295_379.png 378.0 304.0 341.0 295.0 379.0 337.0 4.0
kreska_20230210-103852_295_379.png 372.0 305.0 338.0 295.0 379.0 337.0 1.0
kreska_20230210-104024_295_379.png 373.0 306.0 339.0 295.0 379.0 337.0 2.0
kreska_20230210-104127_295_379.png 373.0 311.0 342.0 295.0 379.0 337.0 5.0
kreska_20230210-104154_295_379.png 376.0 298.0 337.0 295.0 379.0 337.0 0.0
kreska_20230210-104239_295_379.png 374.0 453.0 413.0 295.0 379.0 337.0 76.0
kreska_20230210-104259_295_379.png 366.0 305.0 335.0 295.0 379.0 337.0 -2.0
kreska_20230210-104324_295_379.png 364.0 295.0 329.0 295.0 379.0 337.0 -8.0
kreska_20230210-104356_295_379.png 362.0 294.0 328.0 295.0 379.0 337.0 -9.0
kreska_20230210-104428_295_379.png 373.0 309.0 341.0 295.0 379.0 337.0 4.0
kreska_20230210-104548_295_379.png 366.0 287.0 326.0 295.0 379.0 337.0 -11.0
kreska_20230210-104615_295_379.png 365.0 294.0 329.0 295.0 379.0 337.0 -8.0
kreska_20230210-104706_295_379.png 364.0 295.0 329.0 295.0 379.0 337.0 -8.0
kreska_20230210-104754_295_379.png 368.0 302.0 335.0 295.0 379.0 337.0 -2.0
kreska_20230210-104822_295_379.png 367.0 299.0 333.0 295.0 379.0 337.0 -4.0
kreska_20230210-105013_295_379.png 373.0 307.0 340.0 295.0 379.0 337.0 3.0
kreska_20230210-105115_295_379.png 367.0 291.0 329.0 295.0 379.0 337.0 -8.0
kreska_20230210-105214_295_379.png 379.0 454.0 416.0 295.0 379.0 337.0 79.0
kreska_20230210-105240_295_379.png 368.0 304.0 336.0 295.0 379.0 337.0 -1.0
kreska_20230210-105322_295_379.png 361.0 287.0 324.0 295.0 379.0 337.0 -13.0
kreska_20230210-105404_295_379.png 367.0 298.0 332.0 295.0 379.0 337.0 -5.0
kreska_20230210-105441_295_379.png 368.0 295.0 331.0 295.0 379.0 337.0 -6.0
kreska_20230210-105504_295_379.png 220.0 293.0 256.0 295.0 379.0 337.0 -81.0
kreska_20230210-105534_295_379.png 360.0 453.0 406.0 295.0 379.0 337.0 69.0
kreska_20230210-105609_295_379.png 355.0 457.0 406.0 295.0 379.0 337.0 69.0
kreska_20230210-105649_295_379.png 371.0 305.0 338.0 295.0 379.0 337.0 1.0
kreska_20230210-105722_295_379.png 377.0 310.0 343.0 295.0 379.0 337.0 6.0
kreska_20230210-105758_295_379.png 370.0 302.0 336.0 295.0 379.0 337.0 -1.0
kreska_20230210-105825_295_379.png 370.0 301.0 335.0 295.0 379.0 337.0 -2.0
kreska_20230210-105854_295_379.png 378.0 304.0 341.0 295.0 379.0 337.0 4.0
kreska_20230210-105926_295_379.png 381.0 311.0 346.0 295.0 379.0 337.0 9.0
kreska_20230210-105957_295_379.png 378.0 301.0 339.0 295.0 379.0 337.0 2.0
kreska_20230210-110032_295_379.png 369.0 301.0 335.0 295.0 379.0 337.0 -2.0
kreska_20230210-110058_295_379.png 377.0 317.0 347.0 295.0 379.0 337.0 10.0
kreska_20230210-110139_295_379.png 369.0 297.0 333.0 295.0 379.0 337.0 -4.0
kreska_20230210-110215_295_379.png 372.0 305.0 338.0 295.0 379.0 337.0 1.0
kreska_20230210-110239_295_379.png 375.0 312.0 343.0 295.0 379.0 337.0 6.0
kreska_20230210-110344_295_379.png 362.0 293.0 327.0 295.0 379.0 337.0 -10.0
kreska_20230210-110415_295_379.png 363.0 295.0 329.0 295.0 379.0 337.0 -8.0
kreska_20230210-110501_295_379.png 370.0 309.0 339.0 295.0 379.0 337.0 2.0
kreska_20230210-110513_295_379.png 373.0 295.0 334.0 295.0 379.0 337.0 -3.0
kreska_20230210-110549_295_379.png 367.0 295.0 331.0 295.0 379.0 337.0 -6.0
kreska_20230210-110613_295_379.png 364.0 292.0 328.0 295.0 379.0 337.0 -9.0
kreska_20230210-110624_295_379.png 368.0 305.0 336.0 295.0 379.0 337.0 -1.0
kreska_20230210-114330_292_376.png 375.0 287.0 331.0 292.0 376.0 334.0 -3.0
kreska_20230210-114357_292_376.png 369.0 298.0 333.0 292.0 376.0 334.0 -1.0
kreska_20230210-114446_292_376.png 370.0 294.0 332.0 292.0 376.0 334.0 -2.0
kreska_20221213-083716_300_401.png 379.0 318.0 348.0 300.0 401.0 350.5 -2.5
kreska_20221213-144717_300_401.png 410.0 369.0 389.0 300.0 401.0 350.5 38.5
kreska_20230119-143129_308_357.png 316.0 343.0 329.0 308.0 357.0 332.5 -3.5
kreska_20230119-143302_307_356.png 310.0 363.0 336.0 307.0 356.0 331.5 4.5
kreska_20230119-143420_307_356.png 303.0 345.0 324.0 307.0 356.0 331.5 -7.5
kreska_20230119-143942_307_356.png 301.0 362.0 331.0 307.0 356.0 331.5 -0.5
kreska_20230119-150557_307_356.png 302.0 362.0 332.0 307.0 356.0 331.5 0.5
kreska_20230119-150711_307_356.png 287.0 415.0 351.0 307.0 356.0 331.5 19.5
kreska_20230119-150844_307_356.png 304.0 364.0 334.0 307.0 356.0 331.5 2.5
kreska_20230119-153230_307_356.png 350.0 316.0 333.0 307.0 356.0 331.5 1.5
kreska_20230119-153352_307_356.png 353.0 312.0 332.0 307.0 356.0 331.5 0.5
kreska_20230119-154646_307_356.png 351.0 312.0 331.0 307.0 356.0 331.5 -0.5
kreska_20230119-160957_298_395.png 384.0 303.0 343.0 298.0 395.0 346.5 -3.5
kreska_20230119-161016_298_395.png 378.0 301.0 339.0 298.0 395.0 346.5 -7.5
kreska_20230119-161129_298_395.png 338.0 254.0 296.0 298.0 395.0 346.5 -50.5
kreska_20230119-165937_264_361.png 320.0 264.0 292.0 264.0 361.0 312.5 -20.5
kreska_20230119-170031_264_361.png 352.0 271.0 311.0 264.0 361.0 312.5 -1.5
kreska_20230119-173001_264_361.png 349.0 276.0 312.0 264.0 361.0 312.5 -0.5
kreska_20230119-173239_264_361.png 324.0 306.0 315.0 264.0 361.0 312.5 2.5
kreska_20221213-083716_300_401.png 379.0 318.0 348.0 300.0 401.0 350.5 -2.5
kreska_20221213-144717_300_401.png 410.0 369.0 389.0 300.0 401.0 350.5 38.5
kreska_20230119-143129_308_357.png 316.0 343.0 329.0 308.0 357.0 332.5 -3.5
kreska_20230119-143302_307_356.png 310.0 363.0 336.0 307.0 356.0 331.5 4.5
kreska_20230119-143420_307_356.png 303.0 345.0 324.0 307.0 356.0 331.5 -7.5
kreska_20230119-143942_307_356.png 301.0 362.0 331.0 307.0 356.0 331.5 -0.5
kreska_20230119-150557_307_356.png 302.0 362.0 332.0 307.0 356.0 331.5 0.5
kreska_20230119-150711_307_356.png 287.0 415.0 351.0 307.0 356.0 331.5 19.5
kreska_20230119-150844_307_356.png 304.0 364.0 334.0 307.0 356.0 331.5 2.5
kreska_20230119-153230_307_356.png 350.0 316.0 333.0 307.0 356.0 331.5 1.5
kreska_20230119-153352_307_356.png 353.0 312.0 332.0 307.0 356.0 331.5 0.5
kreska_20230119-154646_307_356.png 351.0 312.0 331.0 307.0 356.0 331.5 -0.5
