kreska_20221213-083716_300_401.png 317.0 382.0 349.5 300.0 401.0 350.5 -1.0
kreska_20221213-083747_300_401.png 427.0 492.0 459.5 300.0 401.0 350.5 109.0
kreska_20221213-083815_300_401.png 158.0 223.0 190.5 300.0 401.0 350.5 -160.0
kreska_20221213-144717_300_401.png 310.0 410.0 360.0 300.0 401.0 350.5 9.5
kreska_20221213-144727_300_401.png 364.0 464.0 414.0 300.0 401.0 350.5 63.5
kreska_20221213-144740_300_401.png 262.0 363.0 312.5 300.0 401.0 350.5 -38.0
kreska_20221219-173326_243_321.png 249.0 318.0 283.5 243.0 321.0 282.0 1.5
kreska_20221219-173605_174_252.png 385.0 453.0 419.0 174.0 252.0 213.0 206.0
kreska_20221221-155047_305_388.png 314.0 383.0 348.5 305.0 388.0 346.5 2.0
kreska_20221221-155255_435_518.png 444.0 513.0 478.5 435.0 518.0 476.5 2.0
kreska_20221221-155325_472_555.png 151.0 219.0 185.0 472.0 555.0 513.5 -328.5
kreska_20221221-155359_517_600.png 195.0 263.0 229.0 517.0 600.0 558.5 -329.5
kreska_20221221-155435_540_623.png 219.0 287.0 253.0 540.0 623.0 581.5 -328.5
kreska_20221221-155504_514_597.png 193.0 261.0 227.0 514.0 597.0 555.5 -328.5
kreska_20221221-155528_495_578.png 174.0 242.0 208.0 495.0 578.0 536.5 -328.5
kreska_20221221-155552_465_548.png 144.0 212.0 178.0 465.0 548.0 506.5 -328.5
kreska_20221221-155617_356_439.png 364.0 434.0 399.0 356.0 439.0 397.5 1.5
kreska_20221221-155629_295_378.png 303.0 373.0 338.0 295.0 378.0 336.5 1.5
kreska_20221221-155646_227_310.png 235.0 304.0 269.5 227.0 310.0 268.5 1.0
kreska_20221221-155707_142_225.png 151.0 220.0 185.5 142.0 225.0 183.5 2.0
kreska_20221221-155729_71_154.png 100.0 149.0 124.5 71.0 154.0 112.5 12.0
kreska_20221221-155753_44_127.png 100.0 122.0 111.0 44.0 127.0 85.5 25.5
kreska_20221221-155856_38_121.png 100.0 115.0 107.5 38.0 121.0 79.5 28.0
kreska_20221221-155916_81_164.png 100.0 158.0 129.0 81.0 164.0 122.5 6.5
kreska_20221221-155941_133_216.png 142.0 211.0 176.5 133.0 216.0 174.5 2.0
kreska_20221221-160001_192_275.png 200.0 269.0 234.5 192.0 275.0 233.5 1.0
kreska_20221221-160016_240_323.png 249.0 318.0 283.5 240.0 323.0 281.5 2.0
kreska_20221221-160037_320_403.png 329.0 398.0 363.5 320.0 403.0 361.5 2.0
kreska_20221221-160124_305_388.png 313.0 382.0 347.5 305.0 388.0 346.5 1.0
kreska_20221221-160137_285_368.png 294.0 363.0 328.5 285.0 368.0 326.5 2.0
kreska_20221221-160158_244_327.png 252.0 322.0 287.0 244.0 327.0 285.5 1.5
kreska_20221221-160213_179_262.png 187.0 257.0 222.0 179.0 262.0 220.5 1.5
kreska_20221221-160250_361_444.png 369.0 439.0 404.0 361.0 444.0 402.5 1.5
kreska_20221221-160310_322_405.png 330.0 400.0 365.0 322.0 405.0 363.5 1.5
kreska_20221221-160329_295_378.png 304.0 373.0 338.5 295.0 378.0 336.5 2.0
kreska_20221221-160339_259_342.png 267.0 337.0 302.0 259.0 342.0 300.5 1.5
kreska_20230119-143129_308_357.png 318.0 348.0 333.0 308.0 357.0 332.5 0.5
kreska_20230119-143151_307_356.png 318.0 348.0 333.0 307.0 356.0 331.5 1.5
kreska_20230119-143302_307_356.png 304.0 365.0 334.5 307.0 356.0 331.5 3.0
kreska_20230119-143420_307_356.png 100.0 421.0 260.5 307.0 356.0 331.5 -71.0
kreska_20230119-143707_307_356.png 316.0 345.0 330.5 307.0 356.0 331.5 -1.0
kreska_20230119-143820_307_356.png 304.0 365.0 334.5 307.0 356.0 331.5 3.0
kreska_20230119-143905_307_356.png 100.0 435.0 267.5 307.0 356.0 331.5 -64.0
kreska_20230119-143942_307_356.png 289.0 365.0 327.0 307.0 356.0 331.5 -4.5
kreska_20230119-144204_307_356.png 314.0 345.0 329.5 307.0 356.0 331.5 -2.0
kreska_20230119-144535_307_356.png 299.0 365.0 332.0 307.0 356.0 331.5 0.5
kreska_20230119-144619_307_356.png 319.0 348.0 333.5 307.0 356.0 331.5 2.0
kreska_20230119-144717_307_356.png 299.0 360.0 329.5 307.0 356.0 331.5 -2.0
kreska_20230119-144755_307_356.png 100.0 434.0 267.0 307.0 356.0 331.5 -64.5
kreska_20230119-144830_307_356.png 299.0 365.0 332.0 307.0 356.0 331.5 0.5
kreska_20230119-150557_307_356.png 347.0 429.0 388.0 307.0 356.0 331.5 56.5
kreska_20230119-150711_307_356.png 100.0 101.0 100.5 307.0 356.0 331.5 -231.0
kreska_20230119-150844_307_356.png 100.0 387.0 243.5 307.0 356.0 331.5 -88.0
kreska_20230119-150950_307_356.png 336.0 432.0 384.0 307.0 356.0 331.5 52.5
kreska_20230119-151028_307_356.png 327.0 346.0 336.5 307.0 356.0 331.5 5.0
kreska_20230119-151048_307_356.png 100.0 178.0 139.0 307.0 356.0 331.5 -192.5
kreska_20230119-151214_307_356.png 337.0 352.0 344.5 307.0 356.0 331.5 13.0
kreska_20230119-151309_307_356.png 333.0 432.0 382.5 307.0 356.0 331.5 51.0
kreska_20230119-152000_307_356.png 330.0 346.0 338.0 307.0 356.0 331.5 6.5
kreska_20230119-152041_307_356.png 100.0 174.0 137.0 307.0 356.0 331.5 -194.5
kreska_20230119-153118_307_356.png 310.0 356.0 333.0 307.0 356.0 331.5 1.5
kreska_20230119-153156_307_356.png 317.0 349.0 333.0 307.0 356.0 331.5 1.5
kreska_20230119-153230_307_356.png 312.0 352.0 332.0 307.0 356.0 331.5 0.5
kreska_20230119-153352_307_356.png 309.0 357.0 333.0 307.0 356.0 331.5 1.5
kreska_20230119-153451_307_356.png 308.0 355.0 331.5 307.0 356.0 331.5 0.0
kreska_20230119-153536_307_356.png 316.0 349.0 332.5 307.0 356.0 331.5 1.0
kreska_20230119-153618_307_356.png 313.0 353.0 333.0 307.0 356.0 331.5 1.5
kreska_20230119-153727_307_356.png 308.0 356.0 332.0 307.0 356.0 331.5 0.5
kreska_20230119-153813_307_356.png 308.0 354.0 331.0 307.0 356.0 331.5 -0.5
kreska_20230119-153844_307_356.png 318.0 351.0 334.5 307.0 356.0 331.5 3.0
kreska_20230119-154646_307_356.png 312.0 353.0 332.5 307.0 356.0 331.5 1.0
kreska_20230119-154820_307_356.png 309.0 351.0 330.0 307.0 356.0 331.5 -1.5
kreska_20230119-154913_307_356.png 316.0 349.0 332.5 307.0 356.0 331.5 1.0
kreska_20230119-154937_307_356.png 315.0 349.0 332.0 307.0 356.0 331.5 0.5
kreska_20230119-155048_307_356.png 312.0 354.0 333.0 307.0 356.0 331.5 1.5
kreska_20230119-155148_307_356.png 312.0 353.0 332.5 307.0 356.0 331.5 1.0
kreska_20230119-155247_307_356.png 312.0 355.0 333.5 307.0 356.0 331.5 2.0
kreska_20230119-155329_307_356.png 314.0 348.0 331.0 307.0 356.0 331.5 -0.5
kreska_20230119-155352_307_356.png 316.0 350.0 333.0 307.0 356.0 331.5 1.5
kreska_20230119-155512_307_356.png 311.0 352.0 331.5 307.0 356.0 331.5 0.0
kreska_20230119-155614_307_356.png 310.0 353.0 331.5 307.0 356.0 331.5 0.0
kreska_20230119-155718_307_356.png 317.0 350.0 333.5 307.0 356.0 331.5 2.0
kreska_20230119-160957_298_395.png 305.0 389.0 347.0 298.0 395.0 346.5 0.5
kreska_20230119-161016_298_395.png 306.0 391.0 348.5 298.0 395.0 346.5 2.0
kreska_20230119-161034_298_395.png 302.0 400.0 351.0 298.0 395.0 346.5 4.5
kreska_20230119-161129_298_395.png 283.0 354.0 318.5 298.0 395.0 346.5 -28.0
kreska_20230119-161218_298_395.png 304.0 388.0 346.0 298.0 395.0 346.5 -0.5
kreska_20230119-161327_298_395.png 303.0 401.0 352.0 298.0 395.0 346.5 5.5
kreska_20230119-161419_298_395.png 289.0 362.0 325.5 298.0 395.0 346.5 -21.0
kreska_20230119-161505_298_395.png 305.0 389.0 347.0 298.0 395.0 346.5 0.5
kreska_20230119-161550_298_395.png 306.0 392.0 349.0 298.0 395.0 346.5 2.5
kreska_20230119-165937_264_361.png 261.0 328.0 294.5 264.0 361.0 312.5 -18.0
kreska_20230119-170031_264_361.png 267.0 356.0 311.5 264.0 361.0 312.5 -1.0
kreska_20230119-170109_264_361.png 268.0 355.0 311.5 264.0 361.0 312.5 -1.0
kreska_20230119-170143_264_361.png 269.0 355.0 312.0 264.0 361.0 312.5 -0.5
kreska_20230119-170232_264_361.png 271.0 356.0 313.5 264.0 361.0 312.5 1.0
kreska_20230119-170307_264_361.png 272.0 358.0 315.0 264.0 361.0 312.5 2.5
kreska_20230119-170355_264_361.png 269.0 355.0 312.0 264.0 361.0 312.5 -0.5
kreska_20230119-170422_264_361.png 270.0 355.0 312.5 264.0 361.0 312.5 0.0
kreska_20230119-170449_264_361.png 270.0 358.0 314.0 264.0 361.0 312.5 1.5
kreska_20230119-170510_264_361.png 269.0 358.0 313.5 264.0 361.0 312.5 1.0
kreska_20230119-170546_264_361.png 270.0 360.0 315.0 264.0 361.0 312.5 2.5
kreska_20230119-170630_264_361.png 256.0 323.0 289.5 264.0 361.0 312.5 -23.0
kreska_20230119-170721_264_361.png 269.0 358.0 313.5 264.0 361.0 312.5 1.0
kreska_20230119-170806_264_361.png 271.0 357.0 314.0 264.0 361.0 312.5 1.5
kreska_20230119-170835_264_361.png 270.0 356.0 313.0 264.0 361.0 312.5 0.5
kreska_20230119-170908_264_361.png 270.0 355.0 312.5 264.0 361.0 312.5 0.0
kreska_20230119-171028_264_361.png 271.0 358.0 314.5 264.0 361.0 312.5 2.0
kreska_20230119-171140_264_361.png 268.0 355.0 311.5 264.0 361.0 312.5 -1.0
kreska_20230119-171254_264_361.png 271.0 356.0 313.5 264.0 361.0 312.5 1.0
kreska_20230119-171323_264_361.png 271.0 358.0 314.5 264.0 361.0 312.5 2.0
kreska_20230119-171402_264_361.png 267.0 356.0 311.5 264.0 361.0 312.5 -1.0
kreska_20230119-171429_264_361.png 268.0 358.0 313.0 264.0 361.0 312.5 0.5
kreska_20230119-171528_264_361.png 257.0 323.0 290.0 264.0 361.0 312.5 -22.5
kreska_20230119-171557_264_361.png 269.0 358.0 313.5 264.0 361.0 312.5 1.0
kreska_20230119-171632_264_361.png 269.0 356.0 312.5 264.0 361.0 312.5 0.0
kreska_20230119-171704_264_361.png 269.0 354.0 311.5 264.0 361.0 312.5 -1.0
kreska_20230119-171754_264_361.png 271.0 357.0 314.0 264.0 361.0 312.5 1.5
kreska_20230119-171906_264_361.png 270.0 356.0 313.0 264.0 361.0 312.5 0.5
kreska_20230119-171952_264_361.png 270.0 357.0 313.5 264.0 361.0 312.5 1.0
kreska_20230119-172036_264_361.png 269.0 355.0 312.0 264.0 361.0 312.5 -0.5
kreska_20230119-172138_264_361.png 269.0 356.0 312.5 264.0 361.0 312.5 0.0
kreska_20230119-172210_264_361.png 265.0 354.0 309.5 264.0 361.0 312.5 -3.0
kreska_20230119-172557_264_361.png 270.0 356.0 313.0 264.0 361.0 312.5 0.5
kreska_20230119-172723_264_361.png 268.0 353.0 310.5 264.0 361.0 312.5 -2.0
kreska_20230119-172813_264_361.png 274.0 356.0 315.0 264.0 361.0 312.5 2.5
kreska_20230119-172849_264_361.png 274.0 357.0 315.5 264.0 361.0 312.5 3.0
kreska_20230119-172929_264_361.png 273.0 352.0 312.5 264.0 361.0 312.5 0.0
kreska_20230119-173001_264_361.png 272.0 354.0 313.0 264.0 361.0 312.5 0.5
kreska_20230119-173043_264_361.png 271.0 354.0 312.5 264.0 361.0 312.5 0.0
kreska_20230119-173134_264_361.png 270.0 356.0 313.0 264.0 361.0 312.5 0.5
kreska_20230119-173239_264_361.png 100.0 107.0 103.5 264.0 361.0 312.5 -209.0
kreska_20230119-173302_264_361.png 270.0 356.0 313.0 264.0 361.0 312.5 0.5
kreska_20230119-173339_264_361.png 271.0 357.0 314.0 264.0 361.0 312.5 1.5
kreska_20230119-173417_264_361.png 271.0 356.0 313.5 264.0 361.0 312.5 1.0
kreska_20230119-173445_264_361.png 270.0 355.0 312.5 264.0 361.0 312.5 0.0
kreska_20230119-173514_264_361.png 273.0 356.0 314.5 264.0 361.0 312.5 2.0
kreska_20230119-173551_264_361.png 271.0 354.0 312.5 264.0 361.0 312.5 0.0
kreska_20230119-173628_264_361.png 274.0 353.0 313.5 264.0 361.0 312.5 1.0
kreska_20230119-173706_264_361.png 272.0 354.0 313.0 264.0 361.0 312.5 0.5
kreska_20230119-173829_264_361.png 271.0 357.0 314.0 264.0 361.0 312.5 1.5
kreska_20230119-174029_264_361.png 268.0 354.0 311.0 264.0 361.0 312.5 -1.5
kreska_20230119-174058_264_361.png 271.0 357.0 314.0 264.0 361.0 312.5 1.5
kreska_20230119-174206_264_361.png 272.0 358.0 315.0 264.0 361.0 312.5 2.5
kreska_20230119-174246_264_361.png 274.0 356.0 315.0 264.0 361.0 312.5 2.5
kreska_20230119-174313_264_361.png 271.0 354.0 312.5 264.0 361.0 312.5 0.0
kreska_20230119-174423_264_361.png 274.0 353.0 313.5 264.0 361.0 312.5 1.0
kreska_20230119-174452_264_361.png 271.0 353.0 312.0 264.0 361.0 312.5 -0.5
kreska_20230119-174513_264_361.png 271.0 355.0 313.0 264.0 361.0 312.5 0.5
kreska_20230119-174719_264_361.png 284.0 323.0 303.5 264.0 361.0 312.5 -9.0
kreska_20230119-174801_264_361.png 267.0 355.0 311.0 264.0 361.0 312.5 -1.5
kreska_20230119-174830_264_361.png 269.0 356.0 312.5 264.0 361.0 312.5 0.0
kreska_20230119-174846_264_361.png 272.0 359.0 315.5 264.0 361.0 312.5 3.0
kreska_20230119-174916_264_361.png 270.0 357.0 313.5 264.0 361.0 312.5 1.0
kreska_20230119-174954_264_361.png 271.0 356.0 313.5 264.0 361.0 312.5 1.0
kreska_20230119-175054_264_361.png 272.0 357.0 314.5 264.0 361.0 312.5 2.0
kreska_20230119-175132_264_361.png 271.0 355.0 313.0 264.0 361.0 312.5 0.5
kreska_20230119-175202_264_361.png 271.0 355.0 313.0 264.0 361.0 312.5 0.5
kreska_20230119-175242_264_361.png 272.0 357.0 314.5 264.0 361.0 312.5 2.0
kreska_20230119-175316_264_361.png 268.0 356.0 312.0 264.0 361.0 312.5 -0.5
kreska_20230119-175354_264_361.png 287.0 325.0 306.0 264.0 361.0 312.5 -6.5
kreska_20230119-175432_264_361.png 265.0 354.0 309.5 264.0 361.0 312.5 -3.0
kreska_20230119-175502_264_361.png 268.0 355.0 311.5 264.0 361.0 312.5 -1.0
kreska_20230119-175536_264_361.png 272.0 360.0 316.0 264.0 361.0 312.5 3.5
kreska_20230119-175602_264_361.png 271.0 359.0 315.0 264.0 361.0 312.5 2.5
kreska_20230119-175656_264_361.png 272.0 357.0 314.5 264.0 361.0 312.5 2.0
kreska_20230119-175741_264_361.png 270.0 354.0 312.0 264.0 361.0 312.5 -0.5
kreska_20230119-180047_264_361.png 269.0 353.0 311.0 264.0 361.0 312.5 -1.5
kreska_20230119-180119_264_361.png 272.0 357.0 314.5 264.0 361.0 312.5 2.0
kreska_20230119-180139_264_361.png 269.0 354.0 311.5 264.0 361.0 312.5 -1.0
kreska_20230119-180221_264_361.png 271.0 359.0 315.0 264.0 361.0 312.5 2.5
kreska_20230119-180301_264_361.png 288.0 326.0 307.0 264.0 361.0 312.5 -5.5
kreska_20230119-180334_264_361.png 270.0 359.0 314.5 264.0 361.0 312.5 2.0
kreska_20230119-180412_264_361.png 269.0 357.0 313.0 264.0 361.0 312.5 0.5
kreska_20230119-180456_264_361.png 269.0 356.0 312.5 264.0 361.0 312.5 0.0
kreska_20230119-180532_264_361.png 268.0 356.0 312.0 264.0 361.0 312.5 -0.5
kreska_20230119-180612_264_361.png 268.0 354.0 311.0 264.0 361.0 312.5 -1.5
kreska_20230119-180709_264_361.png 274.0 359.0 316.5 264.0 361.0 312.5 4.0
kreska_20230119-180741_264_361.png 273.0 356.0 314.5 264.0 361.0 312.5 2.0
kreska_20230119-180805_264_361.png 272.0 357.0 314.5 264.0 361.0 312.5 2.0
kreska_20230119-180836_264_361.png 270.0 355.0 312.5 264.0 361.0 312.5 0.0
kreska_20230119-180912_264_361.png 271.0 360.0 315.5 264.0 361.0 312.5 3.0
kreska_20230119-181116_264_361.png 250.0 326.0 288.0 264.0 361.0 312.5 -24.5
kreska_20230119-181152_264_361.png 267.0 356.0 311.5 264.0 361.0 312.5 -1.0
kreska_20230119-181216_264_361.png 271.0 359.0 315.0 264.0 361.0 312.5 2.5
kreska_20230119-181237_264_361.png 272.0 358.0 315.0 264.0 361.0 312.5 2.5
kreska_20230119-181334_264_361.png 268.0 354.0 311.0 264.0 361.0 312.5 -1.5
kreska_20230119-181437_264_361.png 273.0 356.0 314.5 264.0 361.0 312.5 2.0
kreska_20230119-181509_264_361.png 272.0 357.0 314.5 264.0 361.0 312.5 2.0
kreska_20230119-181558_264_361.png 269.0 355.0 312.0 264.0 361.0 312.5 -0.5
kreska_20230119-181620_264_361.png 270.0 355.0 312.5 264.0 361.0 312.5 0.0
kreska_20230119-181652_264_361.png 271.0 355.0 313.0 264.0 361.0 312.5 0.5
kreska_20230119-181726_264_361.png 273.0 360.0 316.5 264.0 361.0 312.5 4.0
kreska_20230119-181813_264_361.png 247.0 323.0 285.0 264.0 361.0 312.5 -27.5
kreska_20230119-181901_264_361.png 271.0 361.0 316.0 264.0 361.0 312.5 3.5
kreska_20230119-181925_264_361.png 269.0 357.0 313.0 264.0 361.0 312.5 0.5
kreska_20230119-181935_264_361.png 269.0 355.0 312.0 264.0 361.0 312.5 -0.5
kreska_20230119-182024_264_361.png 270.0 355.0 312.5 264.0 361.0 312.5 0.0
kreska_20230119-182122_264_361.png 271.0 354.0 312.5 264.0 361.0 312.5 0.0
kreska_20230119-182221_264_361.png 269.0 354.0 311.5 264.0 361.0 312.5 -1.0
kreska_20230119-182259_264_361.png 267.0 354.0 310.5 264.0 361.0 312.5 -2.0
kreska_20230119-182335_264_361.png 270.0 355.0 312.5 264.0 361.0 312.5 0.0
kreska_20230119-182411_264_361.png 271.0 355.0 313.0 264.0 361.0 312.5 0.5
kreska_20230119-182431_264_361.png 269.0 356.0 312.5 264.0 361.0 312.5 0.0
kreska_20230119-182513_264_361.png 255.0 329.0 292.0 264.0 361.0 312.5 -20.5
kreska_20230119-182548_264_361.png 270.0 359.0 314.5 264.0 361.0 312.5 2.0
kreska_20230119-182605_264_361.png 269.0 357.0 313.0 264.0 361.0 312.5 0.5
kreska_20230119-182616_264_361.png 269.0 355.0 312.0 264.0 361.0 312.5 -0.5
kreska_20230119-182635_264_361.png 269.0 355.0 312.0 264.0 361.0 312.5 -0.5
kreska_20230119-182659_264_361.png 272.0 356.0 314.0 264.0 361.0 312.5 1.5
kreska_20230119-182726_264_361.png 273.0 358.0 315.5 264.0 361.0 312.5 3.0
kreska_20230119-182800_264_361.png 270.0 356.0 313.0 264.0 361.0 312.5 0.5
kreska_20230119-182822_264_361.png 272.0 357.0 314.5 264.0 361.0 312.5 2.0
kreska_20230119-182857_264_361.png 272.0 356.0 314.0 264.0 361.0 312.5 1.5
kreska_20230119-183242_264_361.png 276.0 333.0 304.5 264.0 361.0 312.5 -8.0
kreska_20230119-183256_264_361.png 264.0 361.0 312.5 264.0 361.0 312.5 0.0
kreska_20230119-183346_264_361.png 265.0 359.0 312.0 264.0 361.0 312.5 -0.5
kreska_20230119-183422_264_361.png 262.0 357.0 309.5 264.0 361.0 312.5 -3.0
kreska_20230119-183505_264_361.png 269.0 365.0 317.0 264.0 361.0 312.5 4.5
kreska_20230119-183550_264_361.png 267.0 365.0 316.0 264.0 361.0 312.5 3.5
kreska_20230119-183643_264_361.png 263.0 362.0 312.5 264.0 361.0 312.5 0.0
kreska_20230119-183732_264_361.png 265.0 363.0 314.0 264.0 361.0 312.5 1.5
kreska_20230119-183915_264_361.png 269.0 363.0 316.0 264.0 361.0 312.5 3.5
kreska_20230119-183934_264_361.png 272.0 329.0 300.5 264.0 361.0 312.5 -12.0
kreska_20230119-184001_264_361.png 262.0 359.0 310.5 264.0 361.0 312.5 -2.0
kreska_20230119-184028_264_361.png 263.0 357.0 310.0 264.0 361.0 312.5 -2.5
kreska_20230119-184040_264_361.png 265.0 360.0 312.5 264.0 361.0 312.5 0.0
kreska_20230119-184126_264_361.png 268.0 364.0 316.0 264.0 361.0 312.5 3.5
kreska_20230119-184214_264_361.png 263.0 361.0 312.0 264.0 361.0 312.5 -0.5
kreska_20230119-184243_264_361.png 266.0 365.0 315.5 264.0 361.0 312.5 3.0
kreska_20230119-184319_264_361.png 263.0 361.0 312.0 264.0 361.0 312.5 -0.5
kreska_20230119-184347_264_361.png 265.0 361.0 313.0 264.0 361.0 312.5 0.5
kreska_20230119-184448_264_361.png 263.0 357.0 310.0 264.0 361.0 312.5 -2.5
kreska_20230119-184536_264_361.png 272.0 328.0 300.0 264.0 361.0 312.5 -12.5
kreska_20230119-184607_264_361.png 266.0 362.0 314.0 264.0 361.0 312.5 1.5
kreska_20230119-184627_264_361.png 262.0 356.0 309.0 264.0 361.0 312.5 -3.5
kreska_20230119-184659_264_361.png 264.0 359.0 311.5 264.0 361.0 312.5 -1.0
kreska_20230119-184725_264_361.png 262.0 358.0 310.0 264.0 361.0 312.5 -2.5
kreska_20230119-184818_264_361.png 264.0 362.0 313.0 264.0 361.0 312.5 0.5
kreska_20230119-184841_264_361.png 263.0 362.0 312.5 264.0 361.0 312.5 0.0
kreska_20230119-184918_264_361.png 261.0 359.0 310.0 264.0 361.0 312.5 -2.5
kreska_20230119-184952_264_361.png 264.0 360.0 312.0 264.0 361.0 312.5 -0.5
kreska_20230119-185034_264_361.png 270.0 359.0 314.5 264.0 361.0 312.5 2.0
kreska_20230125-143956_268_369.png 289.0 353.0 321.0 268.0 369.0 318.5 2.5
kreska_20230125-144027_268_369.png 281.0 356.0 318.5 268.0 369.0 318.5 0.0
kreska_20230125-144058_268_369.png 278.0 361.0 319.5 268.0 369.0 318.5 1.0
kreska_20230125-144131_268_369.png 100.0 449.0 274.5 268.0 369.0 318.5 -44.0
kreska_20230125-144203_268_369.png 281.0 358.0 319.5 268.0 369.0 318.5 1.0
kreska_20230125-144231_268_369.png 281.0 354.0 317.5 268.0 369.0 318.5 -1.0
kreska_20230125-144310_268_369.png 100.0 447.0 273.5 268.0 369.0 318.5 -45.0
kreska_20230125-144345_268_369.png 354.0 439.0 396.5 268.0 369.0 318.5 78.0
kreska_20230125-144421_268_369.png 193.0 446.0 319.5 268.0 369.0 318.5 1.0
kreska_20230125-144511_268_369.png 354.0 444.0 399.0 268.0 369.0 318.5 80.5
kreska_20230125-144547_268_369.png 280.0 350.0 315.0 268.0 369.0 318.5 -3.5
kreska_20230125-144628_268_369.png 287.0 351.0 319.0 268.0 369.0 318.5 0.5
kreska_20230125-144657_268_369.png 296.0 347.0 321.5 268.0 369.0 318.5 3.0
kreska_20230125-144735_268_369.png 218.0 245.0 231.5 268.0 369.0 318.5 -87.0
kreska_20230125-144809_268_369.png 283.0 352.0 317.5 268.0 369.0 318.5 -1.0
kreska_20230125-144843_268_369.png 290.0 348.0 319.0 268.0 369.0 318.5 0.5
kreska_20230125-144944_268_369.png 292.0 348.0 320.0 268.0 369.0 318.5 1.5
kreska_20230125-145028_268_369.png 124.0 188.0 156.0 268.0 369.0 318.5 -162.5
kreska_20230125-145100_268_369.png 285.0 350.0 317.5 268.0 369.0 318.5 -1.0
kreska_20230125-145128_268_369.png 286.0 354.0 320.0 268.0 369.0 318.5 1.5
kreska_20230125-145155_268_369.png 100.0 446.0 273.0 268.0 369.0 318.5 -45.5
kreska_20230125-145220_268_369.png 100.0 445.0 272.5 268.0 369.0 318.5 -46.0
kreska_20230125-145249_268_369.png 284.0 351.0 317.5 268.0 369.0 318.5 -1.0
kreska_20230125-145335_268_369.png 286.0 355.0 320.5 268.0 369.0 318.5 2.0
kreska_20230125-145415_268_369.png 100.0 446.0 273.0 268.0 369.0 318.5 -45.5
kreska_20230125-145505_268_369.png 281.0 356.0 318.5 268.0 369.0 318.5 0.0
kreska_20221213-083716_300_401.png 317.0 382.0 349.5 300.0 401.0 350.5 -1.0
kreska_20221213-083747_300_401.png 427.0 492.0 459.5 300.0 401.0 350.5 109.0
kreska_20221213-083815_300_401.png 158.0 223.0 190.5 300.0 401.0 350.5 -160.0
kreska_20221213-144717_300_401.png 310.0 410.0 360.0 300.0 401.0 350.5 9.5
kreska_20221213-144727_300_401.png 364.0 464.0 414.0 300.0 401.0 350.5 63.5
kreska_20221213-144740_300_401.png 262.0 363.0 312.5 300.0 401.0 350.5 -38.0
kreska_20221219-173326_243_321.png 249.0 318.0 283.5 243.0 321.0 282.0 1.5
kreska_20221219-173605_174_252.png 385.0 453.0 419.0 174.0 252.0 213.0 206.0
kreska_20221221-155047_305_388.png 314.0 383.0 348.5 305.0 388.0 346.5 2.0
kreska_20221221-155255_435_518.png 444.0 513.0 478.5 435.0 518.0 476.5 2.0
kreska_20221221-155325_472_555.png 151.0 219.0 185.0 472.0 555.0 513.5 -328.5
kreska_20221221-155359_517_600.png 195.0 263.0 229.0 517.0 600.0 558.5 -329.5
kreska_20221221-155435_540_623.png 219.0 287.0 253.0 540.0 623.0 581.5 -328.5
kreska_20221221-155504_514_597.png 193.0 261.0 227.0 514.0 597.0 555.5 -328.5
kreska_20221221-155528_495_578.png 174.0 242.0 208.0 495.0 578.0 536.5 -328.5
kreska_20221221-155552_465_548.png 144.0 212.0 178.0 465.0 548.0 506.5 -328.5
kreska_20221221-155617_356_439.png 364.0 434.0 399.0 356.0 439.0 397.5 1.5
kreska_20221221-155629_295_378.png 303.0 373.0 338.0 295.0 378.0 336.5 1.5
kreska_20221221-155646_227_310.png 235.0 304.0 269.5 227.0 310.0 268.5 1.0
kreska_20221221-155707_142_225.png 151.0 220.0 185.5 142.0 225.0 183.5 2.0
kreska_20221221-155729_71_154.png 100.0 149.0 124.5 71.0 154.0 112.5 12.0
kreska_20221221-155753_44_127.png 100.0 122.0 111.0 44.0 127.0 85.5 25.5
kreska_20221221-155856_38_121.png 100.0 115.0 107.5 38.0 121.0 79.5 28.0
kreska_20221221-155916_81_164.png 100.0 158.0 129.0 81.0 164.0 122.5 6.5
kreska_20221221-155941_133_216.png 142.0 211.0 176.5 133.0 216.0 174.5 2.0
kreska_20221221-160001_192_275.png 200.0 269.0 234.5 192.0 275.0 233.5 1.0
kreska_20221221-160016_240_323.png 249.0 318.0 283.5 240.0 323.0 281.5 2.0
kreska_20221221-160037_320_403.png 329.0 398.0 363.5 320.0 403.0 361.5 2.0
kreska_20221221-160124_305_388.png 313.0 382.0 347.5 305.0 388.0 346.5 1.0
kreska_20221221-160137_285_368.png 294.0 363.0 328.5 285.0 368.0 326.5 2.0
kreska_20221221-160158_244_327.png 252.0 322.0 287.0 244.0 327.0 285.5 1.5
kreska_20221221-160213_179_262.png 187.0 257.0 222.0 179.0 262.0 220.5 1.5
kreska_20221221-160250_361_444.png 369.0 439.0 404.0 361.0 444.0 402.5 1.5
kreska_20221221-160310_322_405.png 330.0 400.0 365.0 322.0 405.0 363.5 1.5
kreska_20221221-160329_295_378.png 304.0 373.0 338.5 295.0 378.0 336.5 2.0
kreska_20221221-160339_259_342.png 267.0 337.0 302.0 259.0 342.0 300.5 1.5
kreska_20230119-143129_308_357.png 318.0 348.0 333.0 308.0 357.0 332.5 0.5
kreska_20230119-143151_307_356.png 318.0 348.0 333.0 307.0 356.0 331.5 1.5
kreska_20230119-143302_307_356.png 304.0 365.0 334.5 307.0 356.0 331.5 3.0
kreska_20230119-143420_307_356.png 100.0 421.0 260.5 307.0 356.0 331.5 -71.0
kreska_20230119-143707_307_356.png 316.0 345.0 330.5 307.0 356.0 331.5 -1.0
kreska_20230119-143820_307_356.png 304.0 365.0 334.5 307.0 356.0 331.5 3.0
kreska_20230119-143905_307_356.png 100.0 435.0 267.5 307.0 356.0 331.5 -64.0
kreska_20230119-143942_307_356.png 289.0 365.0 327.0 307.0 356.0 331.5 -4.5
kreska_20230119-144204_307_356.png 314.0 345.0 329.5 307.0 356.0 331.5 -2.0
kreska_20230119-144535_307_356.png 299.0 365.0 332.0 307.0 356.0 331.5 0.5
kreska_20230119-144619_307_356.png 319.0 348.0 333.5 307.0 356.0 331.5 2.0
kreska_20230119-144717_307_356.png 299.0 360.0 329.5 307.0 356.0 331.5 -2.0
kreska_20230119-144755_307_356.png 100.0 434.0 267.0 307.0 356.0 331.5 -64.5
kreska_20230119-144830_307_356.png 299.0 365.0 332.0 307.0 356.0 331.5 0.5
kreska_20230119-150557_307_356.png 347.0 429.0 388.0 307.0 356.0 331.5 56.5
kreska_20230119-150711_307_356.png 100.0 101.0 100.5 307.0 356.0 331.5 -231.0
kreska_20230119-150844_307_356.png 100.0 387.0 243.5 307.0 356.0 331.5 -88.0
kreska_20230119-150950_307_356.png 336.0 432.0 384.0 307.0 356.0 331.5 52.5
kreska_20230119-151028_307_356.png 327.0 346.0 336.5 307.0 356.0 331.5 5.0
kreska_20230119-151048_307_356.png 100.0 178.0 139.0 307.0 356.0 331.5 -192.5
kreska_20230119-151214_307_356.png 337.0 352.0 344.5 307.0 356.0 331.5 13.0
kreska_20230119-151309_307_356.png 333.0 432.0 382.5 307.0 356.0 331.5 51.0
kreska_20230119-152000_307_356.png 330.0 346.0 338.0 307.0 356.0 331.5 6.5
kreska_20230119-152041_307_356.png 100.0 174.0 137.0 307.0 356.0 331.5 -194.5
kreska_20230119-153118_307_356.png 310.0 356.0 333.0 307.0 356.0 331.5 1.5
kreska_20230119-153156_307_356.png 317.0 349.0 333.0 307.0 356.0 331.5 1.5
kreska_20230119-153230_307_356.png 312.0 352.0 332.0 307.0 356.0 331.5 0.5
kreska_20230119-153352_307_356.png 309.0 357.0 333.0 307.0 356.0 331.5 1.5
kreska_20230119-153451_307_356.png 308.0 355.0 331.5 307.0 356.0 331.5 0.0
kreska_20230119-153536_307_356.png 316.0 349.0 332.5 307.0 356.0 331.5 1.0
kreska_20230119-153618_307_356.png 313.0 353.0 333.0 307.0 356.0 331.5 1.5
kreska_20230119-153727_307_356.png 308.0 356.0 332.0 307.0 356.0 331.5 0.5
kreska_20230119-153813_307_356.png 308.0 354.0 331.0 307.0 356.0 331.5 -0.5
kreska_20230119-153844_307_356.png 318.0 351.0 334.5 307.0 356.0 331.5 3.0
kreska_20230119-154646_307_356.png 312.0 353.0 332.5 307.0 356.0 331.5 1.0
kreska_20230119-154820_307_356.png 309.0 351.0 330.0 307.0 356.0 331.5 -1.5
kreska_20230119-154913_307_356.png 316.0 349.0 332.5 307.0 356.0 331.5 1.0
kreska_20230119-154937_307_356.png 315.0 349.0 332.0 307.0 356.0 331.5 0.5
kreska_20230119-155048_307_356.png 312.0 354.0 333.0 307.0 356.0 331.5 1.5
kreska_20230119-155148_307_356.png 312.0 353.0 332.5 307.0 356.0 331.5 1.0
kreska_20230119-155247_307_356.png 312.0 355.0 333.5 307.0 356.0 331.5 2.0
kreska_20230119-155329_307_356.png 314.0 348.0 331.0 307.0 356.0 331.5 -0.5
kreska_20230119-155352_307_356.png 316.0 350.0 333.0 307.0 356.0 331.5 1.5
kreska_20230119-155512_307_356.png 311.0 352.0 331.5 307.0 356.0 331.5 0.0
kreska_20230119-155614_307_356.png 310.0 353.0 331.5 307.0 356.0 331.5 0.0
kreska_20230119-155718_307_356.png 317.0 350.0 333.5 307.0 356.0 331.5 2.0
kreska_20230119-160957_298_395.png 305.0 389.0 347.0 298.0 395.0 346.5 0.5
kreska_20230119-161016_298_395.png 306.0 391.0 348.5 298.0 395.0 346.5 2.0
kreska_20230119-161034_298_395.png 302.0 400.0 351.0 298.0 395.0 346.5 4.5
kreska_20230119-161129_298_395.png 283.0 354.0 318.5 298.0 395.0 346.5 -28.0
kreska_20230119-161218_298_395.png 304.0 388.0 346.0 298.0 395.0 346.5 -0.5
kreska_20230119-161327_298_395.png 303.0 401.0 352.0 298.0 395.0 346.5 5.5
kreska_20230119-161419_298_395.png 289.0 362.0 325.5 298.0 395.0 346.5 -21.0
kreska_20230119-161505_298_395.png 305.0 389.0 347.0 298.0 395.0 346.5 0.5
kreska_20230119-161550_298_395.png 306.0 392.0 349.0 298.0 395.0 346.5 2.5
kreska_20230119-165937_264_361.png 261.0 328.0 294.5 264.0 361.0 312.5 -18.0
kreska_20230119-170031_264_361.png 267.0 356.0 311.5 264.0 361.0 312.5 -1.0
kreska_20230119-170109_264_361.png 268.0 355.0 311.5 264.0 361.0 312.5 -1.0
kreska_20230119-170143_264_361.png 269.0 355.0 312.0 264.0 361.0 312.5 -0.5
kreska_20230119-170232_264_361.png 271.0 356.0 313.5 264.0 361.0 312.5 1.0
kreska_20230119-170307_264_361.png 272.0 358.0 315.0 264.0 361.0 312.5 2.5
kreska_20230119-170355_264_361.png 269.0 355.0 312.0 264.0 361.0 312.5 -0.5
kreska_20230119-170422_264_361.png 270.0 355.0 312.5 264.0 361.0 312.5 0.0
kreska_20230119-170449_264_361.png 270.0 358.0 314.0 264.0 361.0 312.5 1.5
kreska_20230119-170510_264_361.png 269.0 358.0 313.5 264.0 361.0 312.5 1.0
kreska_20230119-170546_264_361.png 270.0 360.0 315.0 264.0 361.0 312.5 2.5
kreska_20230119-170630_264_361.png 256.0 323.0 289.5 264.0 361.0 312.5 -23.0
kreska_20230119-170721_264_361.png 269.0 358.0 313.5 264.0 361.0 312.5 1.0
kreska_20230119-170806_264_361.png 271.0 357.0 314.0 264.0 361.0 312.5 1.5
kreska_20230119-170835_264_361.png 270.0 356.0 313.0 264.0 361.0 312.5 0.5
kreska_20230119-170908_264_361.png 270.0 355.0 312.5 264.0 361.0 312.5 0.0
kreska_20230119-171028_264_361.png 271.0 358.0 314.5 264.0 361.0 312.5 2.0
kreska_20230119-171140_264_361.png 268.0 355.0 311.5 264.0 361.0 312.5 -1.0
kreska_20230119-171254_264_361.png 271.0 356.0 313.5 264.0 361.0 312.5 1.0
kreska_20230119-171323_264_361.png 271.0 358.0 314.5 264.0 361.0 312.5 2.0
kreska_20230119-171402_264_361.png 267.0 356.0 311.5 264.0 361.0 312.5 -1.0
kreska_20230119-171429_264_361.png 268.0 358.0 313.0 264.0 361.0 312.5 0.5
kreska_20230119-171528_264_361.png 257.0 323.0 290.0 264.0 361.0 312.5 -22.5
kreska_20230119-171557_264_361.png 269.0 358.0 313.5 264.0 361.0 312.5 1.0
kreska_20230119-171632_264_361.png 269.0 356.0 312.5 264.0 361.0 312.5 0.0
kreska_20230119-171704_264_361.png 269.0 354.0 311.5 264.0 361.0 312.5 -1.0
kreska_20230119-171754_264_361.png 271.0 357.0 314.0 264.0 361.0 312.5 1.5
kreska_20230119-171906_264_361.png 270.0 356.0 313.0 264.0 361.0 312.5 0.5
kreska_20230119-171952_264_361.png 270.0 357.0 313.5 264.0 361.0 312.5 1.0
kreska_20230119-172036_264_361.png 269.0 355.0 312.0 264.0 361.0 312.5 -0.5
kreska_20230119-172138_264_361.png 269.0 356.0 312.5 264.0 361.0 312.5 0.0
kreska_20230119-172210_264_361.png 265.0 354.0 309.5 264.0 361.0 312.5 -3.0
kreska_20230119-172557_264_361.png 270.0 356.0 313.0 264.0 361.0 312.5 0.5
kreska_20230119-172723_264_361.png 268.0 353.0 310.5 264.0 361.0 312.5 -2.0
kreska_20230119-172813_264_361.png 274.0 356.0 315.0 264.0 361.0 312.5 2.5
kreska_20230119-172849_264_361.png 274.0 357.0 315.5 264.0 361.0 312.5 3.0
kreska_20230119-172929_264_361.png 273.0 352.0 312.5 264.0 361.0 312.5 0.0
kreska_20230119-173001_264_361.png 272.0 354.0 313.0 264.0 361.0 312.5 0.5
kreska_20230119-173043_264_361.png 271.0 354.0 312.5 264.0 361.0 312.5 0.0
kreska_20230119-173134_264_361.png 270.0 356.0 313.0 264.0 361.0 312.5 0.5
kreska_20230119-173239_264_361.png 100.0 107.0 103.5 264.0 361.0 312.5 -209.0
kreska_20230119-173302_264_361.png 270.0 356.0 313.0 264.0 361.0 312.5 0.5
kreska_20230119-173339_264_361.png 271.0 357.0 314.0 264.0 361.0 312.5 1.5
kreska_20230119-173417_264_361.png 271.0 356.0 313.5 264.0 361.0 312.5 1.0
kreska_20230119-173445_264_361.png 270.0 355.0 312.5 264.0 361.0 312.5 0.0
kreska_20230119-173514_264_361.png 273.0 356.0 314.5 264.0 361.0 312.5 2.0
kreska_20230119-173551_264_361.png 271.0 354.0 312.5 264.0 361.0 312.5 0.0
kreska_20230119-173628_264_361.png 274.0 353.0 313.5 264.0 361.0 312.5 1.0
kreska_20230119-173706_264_361.png 272.0 354.0 313.0 264.0 361.0 312.5 0.5
kreska_20230119-173829_264_361.png 271.0 357.0 314.0 264.0 361.0 312.5 1.5
kreska_20230119-174029_264_361.png 268.0 354.0 311.0 264.0 361.0 312.5 -1.5
kreska_20230119-174058_264_361.png 271.0 357.0 314.0 264.0 361.0 312.5 1.5
kreska_20230119-174206_264_361.png 272.0 358.0 315.0 264.0 361.0 312.5 2.5
kreska_20230119-174246_264_361.png 274.0 356.0 315.0 264.0 361.0 312.5 2.5
kreska_20230119-174313_264_361.png 271.0 354.0 312.5 264.0 361.0 312.5 0.0
kreska_20230119-174423_264_361.png 274.0 353.0 313.5 264.0 361.0 312.5 1.0
kreska_20230119-174452_264_361.png 271.0 353.0 312.0 264.0 361.0 312.5 -0.5
kreska_20230119-174513_264_361.png 271.0 355.0 313.0 264.0 361.0 312.5 0.5
kreska_20230119-174719_264_361.png 284.0 323.0 303.5 264.0 361.0 312.5 -9.0
kreska_20230119-174801_264_361.png 267.0 355.0 311.0 264.0 361.0 312.5 -1.5
kreska_20230119-174830_264_361.png 269.0 356.0 312.5 264.0 361.0 312.5 0.0
kreska_20230119-174846_264_361.png 272.0 359.0 315.5 264.0 361.0 312.5 3.0
kreska_20230119-174916_264_361.png 270.0 357.0 313.5 264.0 361.0 312.5 1.0
kreska_20230119-174954_264_361.png 271.0 356.0 313.5 264.0 361.0 312.5 1.0
kreska_20230119-175054_264_361.png 272.0 357.0 314.5 264.0 361.0 312.5 2.0
kreska_20230119-175132_264_361.png 271.0 355.0 313.0 264.0 361.0 312.5 0.5
kreska_20230119-175202_264_361.png 271.0 355.0 313.0 264.0 361.0 312.5 0.5
kreska_20230119-175242_264_361.png 272.0 357.0 314.5 264.0 361.0 312.5 2.0
kreska_20230119-175316_264_361.png 268.0 356.0 312.0 264.0 361.0 312.5 -0.5
kreska_20230119-175354_264_361.png 287.0 325.0 306.0 264.0 361.0 312.5 -6.5
kreska_20230119-175432_264_361.png 265.0 354.0 309.5 264.0 361.0 312.5 -3.0
kreska_20230119-175502_264_361.png 268.0 355.0 311.5 264.0 361.0 312.5 -1.0
kreska_20230119-175536_264_361.png 272.0 360.0 316.0 264.0 361.0 312.5 3.5
kreska_20230119-175602_264_361.png 271.0 359.0 315.0 264.0 361.0 312.5 2.5
kreska_20230119-175656_264_361.png 272.0 357.0 314.5 264.0 361.0 312.5 2.0
kreska_20230119-175741_264_361.png 270.0 354.0 312.0 264.0 361.0 312.5 -0.5
kreska_20230119-180047_264_361.png 269.0 353.0 311.0 264.0 361.0 312.5 -1.5
kreska_20230119-180119_264_361.png 272.0 357.0 314.5 264.0 361.0 312.5 2.0
kreska_20230119-180139_264_361.png 269.0 354.0 311.5 264.0 361.0 312.5 -1.0
kreska_20230119-180221_264_361.png 271.0 359.0 315.0 264.0 361.0 312.5 2.5
kreska_20230119-180301_264_361.png 288.0 326.0 307.0 264.0 361.0 312.5 -5.5
kreska_20230119-180334_264_361.png 270.0 359.0 314.5 264.0 361.0 312.5 2.0
kreska_20230119-180412_264_361.png 269.0 357.0 313.0 264.0 361.0 312.5 0.5
kreska_20230119-180456_264_361.png 269.0 356.0 312.5 264.0 361.0 312.5 0.0
kreska_20230119-180532_264_361.png 268.0 356.0 312.0 264.0 361.0 312.5 -0.5
kreska_20230119-180612_264_361.png 268.0 354.0 311.0 264.0 361.0 312.5 -1.5
kreska_20230119-180709_264_361.png 274.0 359.0 316.5 264.0 361.0 312.5 4.0
kreska_20230119-180741_264_361.png 273.0 356.0 314.5 264.0 361.0 312.5 2.0
kreska_20230119-180805_264_361.png 272.0 357.0 314.5 264.0 361.0 312.5 2.0
kreska_20230119-180836_264_361.png 270.0 355.0 312.5 264.0 361.0 312.5 0.0
kreska_20230119-180912_264_361.png 271.0 360.0 315.5 264.0 361.0 312.5 3.0
kreska_20230119-181116_264_361.png 250.0 326.0 288.0 264.0 361.0 312.5 -24.5
kreska_20230119-181152_264_361.png 267.0 356.0 311.5 264.0 361.0 312.5 -1.0
kreska_20230119-181216_264_361.png 271.0 359.0 315.0 264.0 361.0 312.5 2.5
kreska_20230119-181237_264_361.png 272.0 358.0 315.0 264.0 361.0 312.5 2.5
kreska_20230119-181334_264_361.png 268.0 354.0 311.0 264.0 361.0 312.5 -1.5
kreska_20230119-181437_264_361.png 273.0 356.0 314.5 264.0 361.0 312.5 2.0
kreska_20230119-181509_264_361.png 272.0 357.0 314.5 264.0 361.0 312.5 2.0
kreska_20230119-181558_264_361.png 269.0 355.0 312.0 264.0 361.0 312.5 -0.5
kreska_20230119-181620_264_361.png 270.0 355.0 312.5 264.0 361.0 312.5 0.0
kreska_20230119-181652_264_361.png 271.0 355.0 313.0 264.0 361.0 312.5 0.5
kreska_20230119-181726_264_361.png 273.0 360.0 316.5 264.0 361.0 312.5 4.0
kreska_20230119-181813_264_361.png 247.0 323.0 285.0 264.0 361.0 312.5 -27.5
kreska_20230119-181901_264_361.png 271.0 361.0 316.0 264.0 361.0 312.5 3.5
kreska_20230119-181925_264_361.png 269.0 357.0 313.0 264.0 361.0 312.5 0.5
kreska_20230119-181935_264_361.png 269.0 355.0 312.0 264.0 361.0 312.5 -0.5
kreska_20230119-182024_264_361.png 270.0 355.0 312.5 264.0 361.0 312.5 0.0
kreska_20230119-182122_264_361.png 271.0 354.0 312.5 264.0 361.0 312.5 0.0
kreska_20230119-182221_264_361.png 269.0 354.0 311.5 264.0 361.0 312.5 -1.0
kreska_20230119-182259_264_361.png 267.0 354.0 310.5 264.0 361.0 312.5 -2.0
kreska_20230119-182335_264_361.png 270.0 355.0 312.5 264.0 361.0 312.5 0.0
kreska_20230119-182411_264_361.png 271.0 355.0 313.0 264.0 361.0 312.5 0.5
kreska_20230119-182431_264_361.png 269.0 356.0 312.5 264.0 361.0 312.5 0.0
kreska_20230119-182513_264_361.png 255.0 329.0 292.0 264.0 361.0 312.5 -20.5
kreska_20230119-182548_264_361.png 270.0 359.0 314.5 264.0 361.0 312.5 2.0
kreska_20230119-182605_264_361.png 269.0 357.0 313.0 264.0 361.0 312.5 0.5
kreska_20230119-182616_264_361.png 269.0 355.0 312.0 264.0 361.0 312.5 -0.5
kreska_20230119-182635_264_361.png 269.0 355.0 312.0 264.0 361.0 312.5 -0.5
kreska_20230119-182659_264_361.png 272.0 356.0 314.0 264.0 361.0 312.5 1.5
kreska_20230119-182726_264_361.png 273.0 358.0 315.5 264.0 361.0 312.5 3.0
kreska_20230119-182800_264_361.png 270.0 356.0 313.0 264.0 361.0 312.5 0.5
kreska_20230119-182822_264_361.png 272.0 357.0 314.5 264.0 361.0 312.5 2.0
kreska_20230119-182857_264_361.png 272.0 356.0 314.0 264.0 361.0 312.5 1.5
kreska_20230119-183242_264_361.png 276.0 333.0 304.5 264.0 361.0 312.5 -8.0
kreska_20230119-183256_264_361.png 264.0 361.0 312.5 264.0 361.0 312.5 0.0
kreska_20230119-183346_264_361.png 265.0 359.0 312.0 264.0 361.0 312.5 -0.5
kreska_20230119-183422_264_361.png 262.0 357.0 309.5 264.0 361.0 312.5 -3.0
kreska_20230119-183505_264_361.png 269.0 365.0 317.0 264.0 361.0 312.5 4.5
kreska_20230119-183550_264_361.png 267.0 365.0 316.0 264.0 361.0 312.5 3.5
kreska_20230119-183643_264_361.png 263.0 362.0 312.5 264.0 361.0 312.5 0.0
kreska_20230119-183732_264_361.png 265.0 363.0 314.0 264.0 361.0 312.5 1.5
kreska_20230119-183915_264_361.png 269.0 363.0 316.0 264.0 361.0 312.5 3.5
kreska_20230119-183934_264_361.png 272.0 329.0 300.5 264.0 361.0 312.5 -12.0
kreska_20230119-184001_264_361.png 262.0 359.0 310.5 264.0 361.0 312.5 -2.0
kreska_20230119-184028_264_361.png 263.0 357.0 310.0 264.0 361.0 312.5 -2.5
kreska_20230119-184040_264_361.png 265.0 360.0 312.5 264.0 361.0 312.5 0.0
kreska_20230119-184126_264_361.png 268.0 364.0 316.0 264.0 361.0 312.5 3.5
kreska_20230119-184214_264_361.png 263.0 361.0 312.0 264.0 361.0 312.5 -0.5
kreska_20230119-184243_264_361.png 266.0 365.0 315.5 264.0 361.0 312.5 3.0
kreska_20230119-184319_264_361.png 263.0 361.0 312.0 264.0 361.0 312.5 -0.5
kreska_20230119-184347_264_361.png 265.0 361.0 313.0 264.0 361.0 312.5 0.5
kreska_20230119-184448_264_361.png 263.0 357.0 310.0 264.0 361.0 312.5 -2.5
kreska_20230119-184536_264_361.png 272.0 328.0 300.0 264.0 361.0 312.5 -12.5
kreska_20230119-184607_264_361.png 266.0 362.0 314.0 264.0 361.0 312.5 1.5
kreska_20230119-184627_264_361.png 262.0 356.0 309.0 264.0 361.0 312.5 -3.5
kreska_20230119-184659_264_361.png 264.0 359.0 311.5 264.0 361.0 312.5 -1.0
kreska_20230119-184725_264_361.png 262.0 358.0 310.0 264.0 361.0 312.5 -2.5
kreska_20230119-184818_264_361.png 264.0 362.0 313.0 264.0 361.0 312.5 0.5
kreska_20230119-184841_264_361.png 263.0 362.0 312.5 264.0 361.0 312.5 0.0
kreska_20230119-184918_264_361.png 261.0 359.0 310.0 264.0 361.0 312.5 -2.5
kreska_20230119-184952_264_361.png 264.0 360.0 312.0 264.0 361.0 312.5 -0.5
kreska_20230119-185034_264_361.png 270.0 359.0 314.5 264.0 361.0 312.5 2.0
kreska_20230125-143956_268_369.png 289.0 353.0 321.0 268.0 369.0 318.5 2.5
kreska_20230125-144027_268_369.png 281.0 356.0 318.5 268.0 369.0 318.5 0.0
kreska_20230125-144058_268_369.png 278.0 361.0 319.5 268.0 369.0 318.5 1.0
kreska_20230125-144131_268_369.png 100.0 449.0 274.5 268.0 369.0 318.5 -44.0
kreska_20230125-144203_268_369.png 281.0 358.0 319.5 268.0 369.0 318.5 1.0
kreska_20230125-144231_268_369.png 281.0 354.0 317.5 268.0 369.0 318.5 -1.0
kreska_20230125-144310_268_369.png 100.0 447.0 273.5 268.0 369.0 318.5 -45.0
kreska_20230125-144345_268_369.png 354.0 439.0 396.5 268.0 369.0 318.5 78.0
kreska_20230125-144421_268_369.png 193.0 446.0 319.5 268.0 369.0 318.5 1.0
kreska_20230125-144511_268_369.png 354.0 444.0 399.0 268.0 369.0 318.5 80.5
kreska_20230125-144547_268_369.png 280.0 350.0 315.0 268.0 369.0 318.5 -3.5
kreska_20230125-144628_268_369.png 287.0 351.0 319.0 268.0 369.0 318.5 0.5
kreska_20230125-144657_268_369.png 296.0 347.0 321.5 268.0 369.0 318.5 3.0
kreska_20230125-144735_268_369.png 218.0 245.0 231.5 268.0 369.0 318.5 -87.0
kreska_20230125-144809_268_369.png 283.0 352.0 317.5 268.0 369.0 318.5 -1.0
kreska_20230125-144843_268_369.png 290.0 348.0 319.0 268.0 369.0 318.5 0.5
kreska_20230125-144944_268_369.png 292.0 348.0 320.0 268.0 369.0 318.5 1.5
kreska_20230125-145028_268_369.png 124.0 188.0 156.0 268.0 369.0 318.5 -162.5
kreska_20230125-145100_268_369.png 285.0 350.0 317.5 268.0 369.0 318.5 -1.0
kreska_20230125-145128_268_369.png 286.0 354.0 320.0 268.0 369.0 318.5 1.5
kreska_20230125-145155_268_369.png 100.0 446.0 273.0 268.0 369.0 318.5 -45.5
kreska_20230125-145220_268_369.png 100.0 445.0 272.5 268.0 369.0 318.5 -46.0
kreska_20230125-145249_268_369.png 284.0 351.0 317.5 268.0 369.0 318.5 -1.0
kreska_20230125-145335_268_369.png 286.0 355.0 320.5 268.0 369.0 318.5 2.0
kreska_20230125-145415_268_369.png 100.0 446.0 273.0 268.0 369.0 318.5 -45.5
kreska_20230125-145505_268_369.png 281.0 356.0 318.5 268.0 369.0 318.5 0.0
kreska_20230125-154326_268_369.png 285.0 352.0 318.5 268.0 369.0 318.5 0.0
kreska_20230125-154639_268_369.png 287.0 352.0 319.5 268.0 369.0 318.5 1.0
kreska_20230125-154806_268_369.png 291.0 356.0 323.5 268.0 369.0 318.5 5.0
kreska_20230125-154824_268_369.png 283.0 357.0 320.0 268.0 369.0 318.5 1.5
kreska_20230125-154854_268_369.png 278.0 360.0 319.0 268.0 369.0 318.5 0.5
kreska_20230125-155003_268_369.png 100.0 451.0 275.5 268.0 369.0 318.5 -43.0
kreska_20230125-155047_268_369.png 281.0 358.0 319.5 268.0 369.0 318.5 1.0
kreska_20230125-155121_268_369.png 284.0 357.0 320.5 268.0 369.0 318.5 2.0
kreska_20230125-155147_268_369.png 100.0 447.0 273.5 268.0 369.0 318.5 -45.0
kreska_20230125-155229_268_369.png 196.0 280.0 238.0 268.0 369.0 318.5 -80.5
kreska_20230125-155252_268_369.png 193.0 447.0 320.0 268.0 369.0 318.5 1.5
kreska_20230125-155328_268_369.png 357.0 446.0 401.5 268.0 369.0 318.5 83.0
kreska_20230125-155401_268_369.png 283.0 352.0 317.5 268.0 369.0 318.5 -1.0
kreska_20230125-155440_268_369.png 290.0 355.0 322.5 268.0 369.0 318.5 4.0
kreska_20230125-155724_268_369.png 293.0 344.0 318.5 268.0 369.0 318.5 0.0
kreska_20230125-155755_268_369.png 216.0 244.0 230.0 268.0 369.0 318.5 -88.5
kreska_20230125-155850_268_369.png 284.0 352.0 318.0 268.0 369.0 318.5 -0.5
kreska_20230125-155956_268_369.png 292.0 351.0 321.5 268.0 369.0 318.5 3.0
kreska_20230125-160034_268_369.png 294.0 349.0 321.5 268.0 369.0 318.5 3.0
kreska_20230125-160118_268_369.png 124.0 187.0 155.5 268.0 369.0 318.5 -163.0
kreska_20230125-160211_268_369.png 288.0 353.0 320.5 268.0 369.0 318.5 2.0
kreska_20230125-160257_268_369.png 290.0 357.0 323.5 268.0 369.0 318.5 5.0
kreska_20230125-160354_268_369.png 100.0 447.0 273.5 268.0 369.0 318.5 -45.0
kreska_20230125-160446_268_369.png 100.0 449.0 274.5 268.0 369.0 318.5 -44.0
kreska_20230125-160522_268_369.png 286.0 352.0 319.0 268.0 369.0 318.5 0.5
kreska_20230125-160645_268_369.png 288.0 356.0 322.0 268.0 369.0 318.5 3.5
kreska_20230125-160716_268_369.png 100.0 445.0 272.5 268.0 369.0 318.5 -46.0
kreska_20230125-160807_268_369.png 283.0 358.0 320.5 268.0 369.0 318.5 2.0
kreska_20230125-160852_268_369.png 287.0 354.0 320.5 268.0 369.0 318.5 2.0
kreska_20230125-160931_268_369.png 285.0 355.0 320.0 268.0 369.0 318.5 1.5
kreska_20230125-161000_268_369.png 290.0 354.0 322.0 268.0 369.0 318.5 3.5
kreska_20230125-161025_268_369.png 285.0 350.0 317.5 268.0 369.0 318.5 -1.0
kreska_20230125-161216_268_369.png 290.0 356.0 323.0 268.0 369.0 318.5 4.5
kreska_20230125-161251_268_369.png 284.0 357.0 320.5 268.0 369.0 318.5 2.0
kreska_20230125-161323_268_369.png 357.0 443.0 400.0 268.0 369.0 318.5 81.5
kreska_20230125-161402_268_369.png 358.0 450.0 404.0 268.0 369.0 318.5 85.5
kreska_20230125-161433_268_369.png 282.0 360.0 321.0 268.0 369.0 318.5 2.5
kreska_20230125-161507_268_369.png 280.0 353.0 316.5 268.0 369.0 318.5 -2.0
kreska_20230125-161544_268_369.png 100.0 446.0 273.0 268.0 369.0 318.5 -45.5
kreska_20230125-161604_268_369.png 360.0 444.0 402.0 268.0 369.0 318.5 83.5
kreska_20230125-161645_268_369.png 190.0 443.0 316.5 268.0 369.0 318.5 -2.0
kreska_20230125-161714_268_369.png 355.0 445.0 400.0 268.0 369.0 318.5 81.5
kreska_20230125-161740_268_369.png 284.0 354.0 319.0 268.0 369.0 318.5 0.5
kreska_20230125-161815_268_369.png 289.0 354.0 321.5 268.0 369.0 318.5 3.0
kreska_20230125-161847_268_369.png 293.0 345.0 319.0 268.0 369.0 318.5 0.5
kreska_20230125-161926_268_369.png 221.0 243.0 232.0 268.0 369.0 318.5 -86.5
kreska_20230125-162053_268_369.png 284.0 352.0 318.0 268.0 369.0 318.5 -0.5
kreska_20230125-162123_268_369.png 292.0 349.0 320.5 268.0 369.0 318.5 2.0
kreska_20230125-162204_268_369.png 291.0 346.0 318.5 268.0 369.0 318.5 0.0
kreska_20230125-162236_268_369.png 126.0 191.0 158.5 268.0 369.0 318.5 -160.0
kreska_20230125-162313_268_369.png 287.0 352.0 319.5 268.0 369.0 318.5 1.0
kreska_20230125-162349_268_369.png 285.0 352.0 318.5 268.0 369.0 318.5 0.0
kreska_20230125-162501_268_369.png 100.0 447.0 273.5 268.0 369.0 318.5 -45.0
kreska_20230125-162536_268_369.png 100.0 445.0 272.5 268.0 369.0 318.5 -46.0
kreska_20230125-162626_268_369.png 288.0 354.0 321.0 268.0 369.0 318.5 2.5
kreska_20230125-162657_268_369.png 286.0 354.0 320.0 268.0 369.0 318.5 1.5
kreska_20230125-162801_268_369.png 100.0 449.0 274.5 268.0 369.0 318.5 -44.0
kreska_20230125-162934_268_369.png 281.0 354.0 317.5 268.0 369.0 318.5 -1.0
kreska_20230125-163012_268_369.png 285.0 352.0 318.5 268.0 369.0 318.5 0.0
kreska_20230125-163149_268_369.png 285.0 355.0 320.0 268.0 369.0 318.5 1.5
kreska_20230125-163220_268_369.png 289.0 353.0 321.0 268.0 369.0 318.5 2.5
kreska_20230125-163310_268_369.png 286.0 352.0 319.0 268.0 369.0 318.5 0.5
kreska_20230126-081438_300_401.png 337.0 362.0 349.5 300.0 401.0 350.5 -1.0
kreska_20230126-091756_300_401.png 100.0 307.0 203.5 300.0 401.0 350.5 -147.0
kreska_20230126-091907_300_401.png 100.0 325.0 212.5 300.0 401.0 350.5 -138.0
kreska_20230126-092007_300_401.png 343.0 361.0 352.0 300.0 401.0 350.5 1.5
kreska_20230126-142722_270_371.png 282.0 359.0 320.5 270.0 371.0 320.5 0.0
kreska_20230126-142813_270_371.png 247.0 396.0 321.5 270.0 371.0 320.5 1.0
kreska_20230126-142858_270_371.png 288.0 356.0 322.0 270.0 371.0 320.5 1.5
kreska_20230126-142932_270_371.png 289.0 352.0 320.5 270.0 371.0 320.5 0.0
kreska_20230126-143016_270_371.png 288.0 357.0 322.5 270.0 371.0 320.5 2.0
kreska_20230126-143034_270_371.png 286.0 353.0 319.5 270.0 371.0 320.5 -1.0
kreska_20230126-143058_270_371.png 279.0 353.0 316.0 270.0 371.0 320.5 -4.5
kreska_20230126-143133_270_371.png 292.0 354.0 323.0 270.0 371.0 320.5 2.5
kreska_20221213-083716_300_401.png 317.0 382.0 349.5 300.0 401.0 350.5 -1.0
kreska_20221213-083747_300_401.png 427.0 492.0 459.5 300.0 401.0 350.5 109.0
kreska_20221213-083815_300_401.png 158.0 223.0 190.5 300.0 401.0 350.5 -160.0
kreska_20221213-144717_300_401.png 310.0 410.0 360.0 300.0 401.0 350.5 9.5
kreska_20221213-144727_300_401.png 364.0 464.0 414.0 300.0 401.0 350.5 63.5
kreska_20221213-144740_300_401.png 262.0 363.0 312.5 300.0 401.0 350.5 -38.0
kreska_20221219-173326_243_321.png 249.0 318.0 283.5 243.0 321.0 282.0 1.5
kreska_20221219-173605_174_252.png 385.0 453.0 419.0 174.0 252.0 213.0 206.0
kreska_20221221-155047_305_388.png 314.0 383.0 348.5 305.0 388.0 346.5 2.0
kreska_20221221-155255_435_518.png 444.0 513.0 478.5 435.0 518.0 476.5 2.0
kreska_20221221-155325_472_555.png 151.0 219.0 185.0 472.0 555.0 513.5 -328.5
kreska_20221221-155359_517_600.png 195.0 263.0 229.0 517.0 600.0 558.5 -329.5
kreska_20221221-155435_540_623.png 219.0 287.0 253.0 540.0 623.0 581.5 -328.5
kreska_20221221-155504_514_597.png 193.0 261.0 227.0 514.0 597.0 555.5 -328.5
kreska_20221221-155528_495_578.png 174.0 242.0 208.0 495.0 578.0 536.5 -328.5
kreska_20221221-155552_465_548.png 144.0 212.0 178.0 465.0 548.0 506.5 -328.5
kreska_20221221-155617_356_439.png 364.0 434.0 399.0 356.0 439.0 397.5 1.5
kreska_20221221-155629_295_378.png 303.0 373.0 338.0 295.0 378.0 336.5 1.5
kreska_20221221-155646_227_310.png 235.0 304.0 269.5 227.0 310.0 268.5 1.0
kreska_20221221-155707_142_225.png 151.0 220.0 185.5 142.0 225.0 183.5 2.0
kreska_20221221-155729_71_154.png 100.0 149.0 124.5 71.0 154.0 112.5 12.0
kreska_20221221-155753_44_127.png 100.0 122.0 111.0 44.0 127.0 85.5 25.5
kreska_20221221-155856_38_121.png 100.0 115.0 107.5 38.0 121.0 79.5 28.0
kreska_20221221-155916_81_164.png 100.0 158.0 129.0 81.0 164.0 122.5 6.5
kreska_20221221-155941_133_216.png 142.0 211.0 176.5 133.0 216.0 174.5 2.0
kreska_20221221-160001_192_275.png 200.0 269.0 234.5 192.0 275.0 233.5 1.0
kreska_20221221-160016_240_323.png 249.0 318.0 283.5 240.0 323.0 281.5 2.0
kreska_20221221-160037_320_403.png 329.0 398.0 363.5 320.0 403.0 361.5 2.0
kreska_20221221-160124_305_388.png 313.0 382.0 347.5 305.0 388.0 346.5 1.0
kreska_20221221-160137_285_368.png 294.0 363.0 328.5 285.0 368.0 326.5 2.0
kreska_20221221-160158_244_327.png 252.0 322.0 287.0 244.0 327.0 285.5 1.5
kreska_20221221-160213_179_262.png 187.0 257.0 222.0 179.0 262.0 220.5 1.5
kreska_20221221-160250_361_444.png 369.0 439.0 404.0 361.0 444.0 402.5 1.5
kreska_20221221-160310_322_405.png 330.0 400.0 365.0 322.0 405.0 363.5 1.5
kreska_20221221-160329_295_378.png 304.0 373.0 338.5 295.0 378.0 336.5 2.0
kreska_20221221-160339_259_342.png 267.0 337.0 302.0 259.0 342.0 300.5 1.5
kreska_20230119-143129_308_357.png 318.0 348.0 333.0 308.0 357.0 332.5 0.5
kreska_20230119-143151_307_356.png 318.0 348.0 333.0 307.0 356.0 331.5 1.5
kreska_20230119-143302_307_356.png 304.0 365.0 334.5 307.0 356.0 331.5 3.0
kreska_20230119-143420_307_356.png 100.0 421.0 260.5 307.0 356.0 331.5 -71.0
kreska_20230119-143707_307_356.png 316.0 345.0 330.5 307.0 356.0 331.5 -1.0
kreska_20230119-143820_307_356.png 304.0 365.0 334.5 307.0 356.0 331.5 3.0
kreska_20230119-143905_307_356.png 100.0 435.0 267.5 307.0 356.0 331.5 -64.0
kreska_20230119-143942_307_356.png 289.0 365.0 327.0 307.0 356.0 331.5 -4.5
kreska_20230119-144204_307_356.png 314.0 345.0 329.5 307.0 356.0 331.5 -2.0
kreska_20230119-144535_307_356.png 299.0 365.0 332.0 307.0 356.0 331.5 0.5
kreska_20230119-144619_307_356.png 319.0 348.0 333.5 307.0 356.0 331.5 2.0
kreska_20230119-144717_307_356.png 299.0 360.0 329.5 307.0 356.0 331.5 -2.0
kreska_20230119-144755_307_356.png 100.0 434.0 267.0 307.0 356.0 331.5 -64.5
kreska_20230119-144830_307_356.png 299.0 365.0 332.0 307.0 356.0 331.5 0.5
kreska_20230119-150557_307_356.png 347.0 429.0 388.0 307.0 356.0 331.5 56.5
kreska_20230119-150711_307_356.png 100.0 101.0 100.5 307.0 356.0 331.5 -231.0
kreska_20230119-150844_307_356.png 100.0 387.0 243.5 307.0 356.0 331.5 -88.0
kreska_20230119-150950_307_356.png 336.0 432.0 384.0 307.0 356.0 331.5 52.5
kreska_20230119-151028_307_356.png 327.0 346.0 336.5 307.0 356.0 331.5 5.0
kreska_20230119-151048_307_356.png 100.0 178.0 139.0 307.0 356.0 331.5 -192.5
kreska_20230119-151214_307_356.png 337.0 352.0 344.5 307.0 356.0 331.5 13.0
kreska_20230119-151309_307_356.png 333.0 432.0 382.5 307.0 356.0 331.5 51.0
kreska_20230119-152000_307_356.png 330.0 346.0 338.0 307.0 356.0 331.5 6.5
kreska_20230119-152041_307_356.png 100.0 174.0 137.0 307.0 356.0 331.5 -194.5
kreska_20230119-153118_307_356.png 310.0 356.0 333.0 307.0 356.0 331.5 1.5
kreska_20230119-153156_307_356.png 317.0 349.0 333.0 307.0 356.0 331.5 1.5
kreska_20230119-153230_307_356.png 312.0 352.0 332.0 307.0 356.0 331.5 0.5
kreska_20230119-153352_307_356.png 309.0 357.0 333.0 307.0 356.0 331.5 1.5
kreska_20230119-153451_307_356.png 308.0 355.0 331.5 307.0 356.0 331.5 0.0
kreska_20230119-153536_307_356.png 316.0 349.0 332.5 307.0 356.0 331.5 1.0
kreska_20230119-153618_307_356.png 313.0 353.0 333.0 307.0 356.0 331.5 1.5
kreska_20230119-153727_307_356.png 308.0 356.0 332.0 307.0 356.0 331.5 0.5
kreska_20230119-153813_307_356.png 308.0 354.0 331.0 307.0 356.0 331.5 -0.5
kreska_20230119-153844_307_356.png 318.0 351.0 334.5 307.0 356.0 331.5 3.0
kreska_20230119-154646_307_356.png 312.0 353.0 332.5 307.0 356.0 331.5 1.0
kreska_20230119-154820_307_356.png 309.0 351.0 330.0 307.0 356.0 331.5 -1.5
kreska_20230119-154913_307_356.png 316.0 349.0 332.5 307.0 356.0 331.5 1.0
kreska_20230119-154937_307_356.png 315.0 349.0 332.0 307.0 356.0 331.5 0.5
kreska_20230119-155048_307_356.png 312.0 354.0 333.0 307.0 356.0 331.5 1.5
kreska_20230119-155148_307_356.png 312.0 353.0 332.5 307.0 356.0 331.5 1.0
kreska_20230119-155247_307_356.png 312.0 355.0 333.5 307.0 356.0 331.5 2.0
kreska_20230119-155329_307_356.png 314.0 348.0 331.0 307.0 356.0 331.5 -0.5
kreska_20230119-155352_307_356.png 316.0 350.0 333.0 307.0 356.0 331.5 1.5
kreska_20230119-155512_307_356.png 311.0 352.0 331.5 307.0 356.0 331.5 0.0
kreska_20230119-155614_307_356.png 310.0 353.0 331.5 307.0 356.0 331.5 0.0
kreska_20230119-155718_307_356.png 317.0 350.0 333.5 307.0 356.0 331.5 2.0
kreska_20230119-160957_298_395.png 305.0 389.0 347.0 298.0 395.0 346.5 0.5
kreska_20230119-161016_298_395.png 306.0 391.0 348.5 298.0 395.0 346.5 2.0
kreska_20230119-161034_298_395.png 302.0 400.0 351.0 298.0 395.0 346.5 4.5
kreska_20230119-161129_298_395.png 283.0 354.0 318.5 298.0 395.0 346.5 -28.0
kreska_20230119-161218_298_395.png 304.0 388.0 346.0 298.0 395.0 346.5 -0.5
kreska_20230119-161327_298_395.png 303.0 401.0 352.0 298.0 395.0 346.5 5.5
kreska_20221213-083716_300_401.png 317.0 382.0 349.5 300.0 401.0 350.5 -1.0
kreska_20221213-083747_300_401.png 427.0 492.0 459.5 300.0 401.0 350.5 109.0
kreska_20221213-083815_300_401.png 158.0 223.0 190.5 300.0 401.0 350.5 -160.0
kreska_20221213-144717_300_401.png 310.0 410.0 360.0 300.0 401.0 350.5 9.5
kreska_20221213-144727_300_401.png 364.0 464.0 414.0 300.0 401.0 350.5 63.5
kreska_20221213-144740_300_401.png 262.0 363.0 312.5 300.0 401.0 350.5 -38.0
kreska_20221219-173326_243_321.png 249.0 318.0 283.5 243.0 321.0 282.0 1.5
kreska_20221219-173605_174_252.png 385.0 453.0 419.0 174.0 252.0 213.0 206.0
kreska_20221221-155047_305_388.png 314.0 383.0 348.5 305.0 388.0 346.5 2.0
kreska_20221221-155255_435_518.png 444.0 513.0 478.5 435.0 518.0 476.5 2.0
kreska_20221221-155325_472_555.png 151.0 219.0 185.0 472.0 555.0 513.5 -328.5
kreska_20221221-155359_517_600.png 195.0 263.0 229.0 517.0 600.0 558.5 -329.5
kreska_20221221-155435_540_623.png 219.0 287.0 253.0 540.0 623.0 581.5 -328.5
kreska_20221221-155504_514_597.png 193.0 261.0 227.0 514.0 597.0 555.5 -328.5
kreska_20221221-155528_495_578.png 174.0 242.0 208.0 495.0 578.0 536.5 -328.5
kreska_20221221-155552_465_548.png 144.0 212.0 178.0 465.0 548.0 506.5 -328.5
kreska_20221221-155617_356_439.png 364.0 434.0 399.0 356.0 439.0 397.5 1.5
kreska_20221221-155629_295_378.png 303.0 373.0 338.0 295.0 378.0 336.5 1.5
kreska_20221221-155646_227_310.png 235.0 304.0 269.5 227.0 310.0 268.5 1.0
kreska_20221221-155707_142_225.png 151.0 220.0 185.5 142.0 225.0 183.5 2.0
kreska_20221221-155729_71_154.png 100.0 149.0 124.5 71.0 154.0 112.5 12.0
kreska_20221221-155753_44_127.png 100.0 122.0 111.0 44.0 127.0 85.5 25.5
kreska_20221221-155856_38_121.png 100.0 115.0 107.5 38.0 121.0 79.5 28.0
kreska_20221221-155916_81_164.png 100.0 158.0 129.0 81.0 164.0 122.5 6.5
kreska_20221221-155941_133_216.png 142.0 211.0 176.5 133.0 216.0 174.5 2.0
kreska_20221221-160001_192_275.png 200.0 269.0 234.5 192.0 275.0 233.5 1.0
kreska_20221221-160016_240_323.png 249.0 318.0 283.5 240.0 323.0 281.5 2.0
kreska_20221221-160037_320_403.png 329.0 398.0 363.5 320.0 403.0 361.5 2.0
kreska_20221221-160124_305_388.png 313.0 382.0 347.5 305.0 388.0 346.5 1.0
kreska_20221221-160137_285_368.png 294.0 363.0 328.5 285.0 368.0 326.5 2.0
kreska_20221221-160158_244_327.png 252.0 322.0 287.0 244.0 327.0 285.5 1.5
kreska_20221221-160213_179_262.png 187.0 257.0 222.0 179.0 262.0 220.5 1.5
kreska_20221221-160250_361_444.png 369.0 439.0 404.0 361.0 444.0 402.5 1.5
kreska_20221221-160310_322_405.png 330.0 400.0 365.0 322.0 405.0 363.5 1.5
kreska_20221221-160329_295_378.png 304.0 373.0 338.5 295.0 378.0 336.5 2.0
kreska_20221221-160339_259_342.png 267.0 337.0 302.0 259.0 342.0 300.5 1.5
kreska_20230119-143129_308_357.png 318.0 348.0 333.0 308.0 357.0 332.5 0.5
kreska_20230119-143151_307_356.png 318.0 348.0 333.0 307.0 356.0 331.5 1.5
kreska_20230119-143302_307_356.png 304.0 365.0 334.5 307.0 356.0 331.5 3.0
kreska_20230119-143420_307_356.png 100.0 421.0 260.5 307.0 356.0 331.5 -71.0
kreska_20230119-143707_307_356.png 316.0 345.0 330.5 307.0 356.0 331.5 -1.0
kreska_20230119-143820_307_356.png 304.0 365.0 334.5 307.0 356.0 331.5 3.0
kreska_20230119-143905_307_356.png 100.0 435.0 267.5 307.0 356.0 331.5 -64.0
kreska_20230119-143942_307_356.png 289.0 365.0 327.0 307.0 356.0 331.5 -4.5
kreska_20230119-144204_307_356.png 314.0 345.0 329.5 307.0 356.0 331.5 -2.0
kreska_20230119-144535_307_356.png 299.0 365.0 332.0 307.0 356.0 331.5 0.5
kreska_20230119-144619_307_356.png 319.0 348.0 333.5 307.0 356.0 331.5 2.0
kreska_20230119-144717_307_356.png 299.0 360.0 329.5 307.0 356.0 331.5 -2.0
kreska_20230119-144755_307_356.png 100.0 434.0 267.0 307.0 356.0 331.5 -64.5
kreska_20230119-144830_307_356.png 299.0 365.0 332.0 307.0 356.0 331.5 0.5
kreska_20230119-150557_307_356.png 347.0 429.0 388.0 307.0 356.0 331.5 56.5
kreska_20230119-150711_307_356.png 100.0 101.0 100.5 307.0 356.0 331.5 -231.0
kreska_20230119-150844_307_356.png 100.0 387.0 243.5 307.0 356.0 331.5 -88.0
kreska_20230119-150950_307_356.png 336.0 432.0 384.0 307.0 356.0 331.5 52.5
kreska_20230119-151028_307_356.png 327.0 346.0 336.5 307.0 356.0 331.5 5.0
kreska_20230119-151048_307_356.png 100.0 178.0 139.0 307.0 356.0 331.5 -192.5
kreska_20230119-151214_307_356.png 337.0 352.0 344.5 307.0 356.0 331.5 13.0
kreska_20230119-151309_307_356.png 333.0 432.0 382.5 307.0 356.0 331.5 51.0
kreska_20230119-152000_307_356.png 330.0 346.0 338.0 307.0 356.0 331.5 6.5
kreska_20230119-152041_307_356.png 100.0 174.0 137.0 307.0 356.0 331.5 -194.5
kreska_20230119-153118_307_356.png 310.0 356.0 333.0 307.0 356.0 331.5 1.5
kreska_20230119-153156_307_356.png 317.0 349.0 333.0 307.0 356.0 331.5 1.5
kreska_20230119-153230_307_356.png 312.0 352.0 332.0 307.0 356.0 331.5 0.5
kreska_20230119-153352_307_356.png 309.0 357.0 333.0 307.0 356.0 331.5 1.5
kreska_20230119-153451_307_356.png 308.0 355.0 331.5 307.0 356.0 331.5 0.0
kreska_20230119-153536_307_356.png 316.0 349.0 332.5 307.0 356.0 331.5 1.0
kreska_20230119-153618_307_356.png 313.0 353.0 333.0 307.0 356.0 331.5 1.5
kreska_20230119-153727_307_356.png 308.0 356.0 332.0 307.0 356.0 331.5 0.5
kreska_20230119-153813_307_356.png 308.0 354.0 331.0 307.0 356.0 331.5 -0.5
kreska_20230119-153844_307_356.png 318.0 351.0 334.5 307.0 356.0 331.5 3.0
kreska_20230119-154646_307_356.png 312.0 353.0 332.5 307.0 356.0 331.5 1.0
kreska_20230119-154820_307_356.png 309.0 351.0 330.0 307.0 356.0 331.5 -1.5
kreska_20230119-154913_307_356.png 316.0 349.0 332.5 307.0 356.0 331.5 1.0
kreska_20230119-154937_307_356.png 315.0 349.0 332.0 307.0 356.0 331.5 0.5
kreska_20230119-155048_307_356.png 312.0 354.0 333.0 307.0 356.0 331.5 1.5
kreska_20230119-155148_307_356.png 312.0 353.0 332.5 307.0 356.0 331.5 1.0
kreska_20230119-155247_307_356.png 312.0 355.0 333.5 307.0 356.0 331.5 2.0
kreska_20230119-155329_307_356.png 314.0 348.0 331.0 307.0 356.0 331.5 -0.5
kreska_20230119-155352_307_356.png 316.0 350.0 333.0 307.0 356.0 331.5 1.5
kreska_20230119-155512_307_356.png 311.0 352.0 331.5 307.0 356.0 331.5 0.0
kreska_20230119-155614_307_356.png 310.0 353.0 331.5 307.0 356.0 331.5 0.0
kreska_20230119-155718_307_356.png 317.0 350.0 333.5 307.0 356.0 331.5 2.0
kreska_20230119-160957_298_395.png 305.0 389.0 347.0 298.0 395.0 346.5 0.5
kreska_20230119-161016_298_395.png 306.0 391.0 348.5 298.0 395.0 346.5 2.0
kreska_20230119-161034_298_395.png 302.0 400.0 351.0 298.0 395.0 346.5 4.5
kreska_20230119-161129_298_395.png 283.0 354.0 318.5 298.0 395.0 346.5 -28.0
kreska_20230119-161218_298_395.png 304.0 388.0 346.0 298.0 395.0 346.5 -0.5
kreska_20230119-161327_298_395.png 303.0 401.0 352.0 298.0 395.0 346.5 5.5
kreska_20230119-161419_298_395.png 289.0 362.0 325.5 298.0 395.0 346.5 -21.0
kreska_20230119-161505_298_395.png 305.0 389.0 347.0 298.0 395.0 346.5 0.5
kreska_20230119-161550_298_395.png 306.0 392.0 349.0 298.0 395.0 346.5 2.5
kreska_20230119-165937_264_361.png 261.0 328.0 294.5 264.0 361.0 312.5 -18.0
kreska_20230119-170031_264_361.png 267.0 356.0 311.5 264.0 361.0 312.5 -1.0
kreska_20230119-170109_264_361.png 268.0 355.0 311.5 264.0 361.0 312.5 -1.0
kreska_20230119-170143_264_361.png 269.0 355.0 312.0 264.0 361.0 312.5 -0.5
kreska_20221213-083716_300_401.png 317.0 382.0 349.5 300.0 401.0 350.5 -1.0
kreska_20221213-083747_300_401.png 427.0 492.0 459.5 300.0 401.0 350.5 109.0
kreska_20221213-083815_300_401.png 158.0 223.0 190.5 300.0 401.0 350.5 -160.0
kreska_20221213-144717_300_401.png 310.0 410.0 360.0 300.0 401.0 350.5 9.5
kreska_20221213-144727_300_401.png 364.0 464.0 414.0 300.0 401.0 350.5 63.5
kreska_20221213-144740_300_401.png 262.0 363.0 312.5 300.0 401.0 350.5 -38.0
kreska_20221219-173326_243_321.png 249.0 318.0 283.5 243.0 321.0 282.0 1.5
kreska_20221219-173605_174_252.png 385.0 453.0 419.0 174.0 252.0 213.0 206.0
kreska_20221221-155047_305_388.png 314.0 383.0 348.5 305.0 388.0 346.5 2.0
kreska_20221221-155255_435_518.png 444.0 513.0 478.5 435.0 518.0 476.5 2.0
kreska_20221221-155325_472_555.png 151.0 219.0 185.0 472.0 555.0 513.5 -328.5
kreska_20221221-155359_517_600.png 195.0 263.0 229.0 517.0 600.0 558.5 -329.5
kreska_20221213-083716_300_401.png 317.0 382.0 349.5 300.0 401.0 350.5 -1.0
kreska_20221213-083747_300_401.png 427.0 492.0 459.5 300.0 401.0 350.5 109.0
kreska_20221213-083815_300_401.png 158.0 223.0 190.5 300.0 401.0 350.5 -160.0
kreska_20221213-144717_300_401.png 310.0 410.0 360.0 300.0 401.0 350.5 9.5
kreska_20221213-144727_300_401.png 364.0 464.0 414.0 300.0 401.0 350.5 63.5
kreska_20221213-144740_300_401.png 262.0 363.0 312.5 300.0 401.0 350.5 -38.0
kreska_20221219-173326_243_321.png 249.0 318.0 283.5 243.0 321.0 282.0 1.5
kreska_20221219-173605_174_252.png 385.0 453.0 419.0 174.0 252.0 213.0 206.0
kreska_20221221-155047_305_388.png 314.0 383.0 348.5 305.0 388.0 346.5 2.0
kreska_20221221-155255_435_518.png 444.0 513.0 478.5 435.0 518.0 476.5 2.0
kreska_20221221-155325_472_555.png 151.0 219.0 185.0 472.0 555.0 513.5 -328.5
kreska_20221221-155359_517_600.png 195.0 263.0 229.0 517.0 600.0 558.5 -329.5
kreska_20221221-155435_540_623.png 219.0 287.0 253.0 540.0 623.0 581.5 -328.5
kreska_20221221-155504_514_597.png 193.0 261.0 227.0 514.0 597.0 555.5 -328.5
kreska_20221221-155528_495_578.png 174.0 242.0 208.0 495.0 578.0 536.5 -328.5
kreska_20221221-155552_465_548.png 144.0 212.0 178.0 465.0 548.0 506.5 -328.5
kreska_20221221-155617_356_439.png 364.0 434.0 399.0 356.0 439.0 397.5 1.5
kreska_20221221-155629_295_378.png 303.0 373.0 338.0 295.0 378.0 336.5 1.5
kreska_20221213-083716_300_401.png 317.0 382.0 349.5 300.0 401.0 350.5 -1.0
kreska_20221213-083747_300_401.png 427.0 492.0 459.5 300.0 401.0 350.5 109.0
kreska_20221213-083815_300_401.png 158.0 223.0 190.5 300.0 401.0 350.5 -160.0
kreska_20221213-144717_300_401.png 310.0 410.0 360.0 300.0 401.0 350.5 9.5
kreska_20221213-144727_300_401.png 364.0 464.0 414.0 300.0 401.0 350.5 63.5
kreska_20221213-144740_300_401.png 262.0 363.0 312.5 300.0 401.0 350.5 -38.0
kreska_20221219-173326_243_321.png 249.0 318.0 283.5 243.0 321.0 282.0 1.5
kreska_20221219-173605_174_252.png 385.0 453.0 419.0 174.0 252.0 213.0 206.0
kreska_20221221-155047_305_388.png 314.0 383.0 348.5 305.0 388.0 346.5 2.0
kreska_20221213-083716_300_401.png 317.0 382.0 349.5 300.0 401.0 350.5 -1.0
kreska_20221213-083747_300_401.png 427.0 492.0 459.5 300.0 401.0 350.5 109.0
kreska_20221213-083815_300_401.png 158.0 223.0 190.5 300.0 401.0 350.5 -160.0
kreska_20221213-144717_300_401.png 310.0 410.0 360.0 300.0 401.0 350.5 9.5
kreska_20221213-144727_300_401.png 364.0 464.0 414.0 300.0 401.0 350.5 63.5
kreska_20221213-144740_300_401.png 262.0 363.0 312.5 300.0 401.0 350.5 -38.0
kreska_20221219-173326_243_321.png 249.0 318.0 283.5 243.0 321.0 282.0 1.5
kreska_20221219-173605_174_252.png 385.0 453.0 419.0 174.0 252.0 213.0 206.0
kreska_20221221-155047_305_388.png 314.0 383.0 348.5 305.0 388.0 346.5 2.0
kreska_20221221-155255_435_518.png 444.0 513.0 478.5 435.0 518.0 476.5 2.0
kreska_20221221-155325_472_555.png 151.0 219.0 185.0 472.0 555.0 513.5 -328.5
kreska_20221221-155359_517_600.png 195.0 263.0 229.0 517.0 600.0 558.5 -329.5
kreska_20221221-155435_540_623.png 219.0 287.0 253.0 540.0 623.0 581.5 -328.5
kreska_20221221-155504_514_597.png 193.0 261.0 227.0 514.0 597.0 555.5 -328.5
kreska_20221221-155528_495_578.png 174.0 242.0 208.0 495.0 578.0 536.5 -328.5
kreska_20221221-155552_465_548.png 144.0 212.0 178.0 465.0 548.0 506.5 -328.5
kreska_20221221-155617_356_439.png 364.0 434.0 399.0 356.0 439.0 397.5 1.5
kreska_20221221-155629_295_378.png 303.0 373.0 338.0 295.0 378.0 336.5 1.5
kreska_20221221-155646_227_310.png 235.0 304.0 269.5 227.0 310.0 268.5 1.0
kreska_20221221-155707_142_225.png 151.0 220.0 185.5 142.0 225.0 183.5 2.0
kreska_20221221-155729_71_154.png 100.0 149.0 124.5 71.0 154.0 112.5 12.0
kreska_20221221-155753_44_127.png 100.0 122.0 111.0 44.0 127.0 85.5 25.5
kreska_20221221-155856_38_121.png 100.0 115.0 107.5 38.0 121.0 79.5 28.0
kreska_20221221-155916_81_164.png 100.0 158.0 129.0 81.0 164.0 122.5 6.5
kreska_20221221-155941_133_216.png 142.0 211.0 176.5 133.0 216.0 174.5 2.0
kreska_20221221-160001_192_275.png 200.0 269.0 234.5 192.0 275.0 233.5 1.0
kreska_20221221-160016_240_323.png 249.0 318.0 283.5 240.0 323.0 281.5 2.0
kreska_20221221-160037_320_403.png 329.0 398.0 363.5 320.0 403.0 361.5 2.0
kreska_20221221-160124_305_388.png 313.0 382.0 347.5 305.0 388.0 346.5 1.0
kreska_20221221-160137_285_368.png 294.0 363.0 328.5 285.0 368.0 326.5 2.0
kreska_20221221-160158_244_327.png 252.0 322.0 287.0 244.0 327.0 285.5 1.5
kreska_20221221-160213_179_262.png 187.0 257.0 222.0 179.0 262.0 220.5 1.5
kreska_20221221-160250_361_444.png 369.0 439.0 404.0 361.0 444.0 402.5 1.5
kreska_20221221-160310_322_405.png 330.0 400.0 365.0 322.0 405.0 363.5 1.5
kreska_20221221-160329_295_378.png 304.0 373.0 338.5 295.0 378.0 336.5 2.0
kreska_20221221-160339_259_342.png 267.0 337.0 302.0 259.0 342.0 300.5 1.5
kreska_20230119-143129_308_357.png 318.0 348.0 333.0 308.0 357.0 332.5 0.5
kreska_20230119-143151_307_356.png 318.0 348.0 333.0 307.0 356.0 331.5 1.5
kreska_20230119-143302_307_356.png 304.0 365.0 334.5 307.0 356.0 331.5 3.0
kreska_20230119-143420_307_356.png 100.0 421.0 260.5 307.0 356.0 331.5 -71.0
kreska_20230119-143707_307_356.png 316.0 345.0 330.5 307.0 356.0 331.5 -1.0
kreska_20230119-143820_307_356.png 304.0 365.0 334.5 307.0 356.0 331.5 3.0
kreska_20230119-143905_307_356.png 100.0 435.0 267.5 307.0 356.0 331.5 -64.0
kreska_20230119-143942_307_356.png 289.0 365.0 327.0 307.0 356.0 331.5 -4.5
kreska_20230119-144204_307_356.png 314.0 345.0 329.5 307.0 356.0 331.5 -2.0
kreska_20230119-144535_307_356.png 299.0 365.0 332.0 307.0 356.0 331.5 0.5
kreska_20230119-144619_307_356.png 319.0 348.0 333.5 307.0 356.0 331.5 2.0
kreska_20230119-144717_307_356.png 299.0 360.0 329.5 307.0 356.0 331.5 -2.0
kreska_20230119-144755_307_356.png 100.0 434.0 267.0 307.0 356.0 331.5 -64.5
kreska_20230119-144830_307_356.png 299.0 365.0 332.0 307.0 356.0 331.5 0.5
kreska_20230119-150557_307_356.png 347.0 429.0 388.0 307.0 356.0 331.5 56.5
kreska_20230119-150711_307_356.png 100.0 101.0 100.5 307.0 356.0 331.5 -231.0
kreska_20230119-150844_307_356.png 100.0 387.0 243.5 307.0 356.0 331.5 -88.0
kreska_20230119-150950_307_356.png 336.0 432.0 384.0 307.0 356.0 331.5 52.5
kreska_20230119-151028_307_356.png 327.0 346.0 336.5 307.0 356.0 331.5 5.0
kreska_20230119-151048_307_356.png 100.0 178.0 139.0 307.0 356.0 331.5 -192.5
kreska_20230119-151214_307_356.png 337.0 352.0 344.5 307.0 356.0 331.5 13.0
kreska_20230119-151309_307_356.png 333.0 432.0 382.5 307.0 356.0 331.5 51.0
kreska_20230119-152000_307_356.png 330.0 346.0 338.0 307.0 356.0 331.5 6.5
kreska_20230119-152041_307_356.png 100.0 174.0 137.0 307.0 356.0 331.5 -194.5
kreska_20230119-153118_307_356.png 310.0 356.0 333.0 307.0 356.0 331.5 1.5
kreska_20230119-153156_307_356.png 317.0 349.0 333.0 307.0 356.0 331.5 1.5
kreska_20230119-153230_307_356.png 312.0 352.0 332.0 307.0 356.0 331.5 0.5
kreska_20230119-153352_307_356.png 309.0 357.0 333.0 307.0 356.0 331.5 1.5
kreska_20230119-153451_307_356.png 308.0 355.0 331.5 307.0 356.0 331.5 0.0
kreska_20230119-153536_307_356.png 316.0 349.0 332.5 307.0 356.0 331.5 1.0
kreska_20230119-153618_307_356.png 313.0 353.0 333.0 307.0 356.0 331.5 1.5
kreska_20230119-153727_307_356.png 308.0 356.0 332.0 307.0 356.0 331.5 0.5
kreska_20230119-153813_307_356.png 308.0 354.0 331.0 307.0 356.0 331.5 -0.5
kreska_20230119-153844_307_356.png 318.0 351.0 334.5 307.0 356.0 331.5 3.0
kreska_20230119-154646_307_356.png 312.0 353.0 332.5 307.0 356.0 331.5 1.0
kreska_20230119-154820_307_356.png 309.0 351.0 330.0 307.0 356.0 331.5 -1.5
kreska_20230119-154913_307_356.png 316.0 349.0 332.5 307.0 356.0 331.5 1.0
kreska_20230119-154937_307_356.png 315.0 349.0 332.0 307.0 356.0 331.5 0.5
kreska_20230119-155048_307_356.png 312.0 354.0 333.0 307.0 356.0 331.5 1.5
kreska_20230119-155148_307_356.png 312.0 353.0 332.5 307.0 356.0 331.5 1.0
kreska_20230119-155247_307_356.png 312.0 355.0 333.5 307.0 356.0 331.5 2.0
kreska_20230119-155329_307_356.png 314.0 348.0 331.0 307.0 356.0 331.5 -0.5
kreska_20230119-155352_307_356.png 316.0 350.0 333.0 307.0 356.0 331.5 1.5
kreska_20230119-155512_307_356.png 311.0 352.0 331.5 307.0 356.0 331.5 0.0
kreska_20230119-155614_307_356.png 310.0 353.0 331.5 307.0 356.0 331.5 0.0
kreska_20230119-155718_307_356.png 317.0 350.0 333.5 307.0 356.0 331.5 2.0
kreska_20230119-160957_298_395.png 305.0 389.0 347.0 298.0 395.0 346.5 0.5
kreska_20230119-161016_298_395.png 306.0 391.0 348.5 298.0 395.0 346.5 2.0
kreska_20221213-083716_300_401.png 317.0 382.0 349.5 300.0 401.0 350.5 -1.0
kreska_20221213-144717_300_401.png 310.0 410.0 360.0 300.0 401.0 350.5 9.5
kreska_20230119-143129_308_357.png 318.0 348.0 333.0 308.0 357.0 332.5 0.5
kreska_20230119-143302_307_356.png 304.0 365.0 334.5 307.0 356.0 331.5 3.0
kreska_20230119-143420_307_356.png 100.0 421.0 260.5 307.0 356.0 331.5 -71.0
kreska_20230119-143942_307_356.png 289.0 365.0 327.0 307.0 356.0 331.5 -4.5
kreska_20230119-150557_307_356.png 347.0 429.0 388.0 307.0 356.0 331.5 56.5
kreska_20230119-150711_307_356.png 100.0 101.0 100.5 307.0 356.0 331.5 -231.0
kreska_20230119-150844_307_356.png 100.0 387.0 243.5 307.0 356.0 331.5 -88.0
kreska_20230119-153230_307_356.png 312.0 352.0 332.0 307.0 356.0 331.5 0.5
kreska_20230119-153352_307_356.png 309.0 357.0 333.0 307.0 356.0 331.5 1.5
kreska_20230119-154646_307_356.png 312.0 353.0 332.5 307.0 356.0 331.5 1.0
kreska_20230119-160957_298_395.png 305.0 389.0 347.0 298.0 395.0 346.5 0.5
kreska_20230119-161016_298_395.png 306.0 391.0 348.5 298.0 395.0 346.5 2.0
kreska_20230119-161129_298_395.png 283.0 354.0 318.5 298.0 395.0 346.5 -28.0
kreska_20230119-165937_264_361.png 261.0 328.0 294.5 264.0 361.0 312.5 -18.0
kreska_20230119-170031_264_361.png 267.0 356.0 311.5 264.0 361.0 312.5 -1.0
kreska_20230119-173001_264_361.png 272.0 354.0 313.0 264.0 361.0 312.5 0.5
kreska_20230119-173239_264_361.png 100.0 107.0 103.5 264.0 361.0 312.5 -209.0
kreska_20230119-174719_264_361.png 284.0 323.0 303.5 264.0 361.0 312.5 -9.0
kreska_20230119-182259_264_361.png 267.0 354.0 310.5 264.0 361.0 312.5 -2.0
kreska_20230119-183242_264_361.png 276.0 333.0 304.5 264.0 361.0 312.5 -8.0
kreska_20230119-183256_264_361.png 264.0 361.0 312.5 264.0 361.0 312.5 0.0
kreska_20230119-183915_264_361.png 269.0 363.0 316.0 264.0 361.0 312.5 3.5
kreska_20230125-143956_268_369.png 289.0 353.0 321.0 268.0 369.0 318.5 2.5
kreska_20230125-144027_268_369.png 281.0 356.0 318.5 268.0 369.0 318.5 0.0
kreska_20230125-144058_268_369.png 278.0 361.0 319.5 268.0 369.0 318.5 1.0
kreska_20230125-144231_268_369.png 281.0 354.0 317.5 268.0 369.0 318.5 -1.0
kreska_20230125-144628_268_369.png 287.0 351.0 319.0 268.0 369.0 318.5 0.5
kreska_20230125-144843_268_369.png 290.0 348.0 319.0 268.0 369.0 318.5 0.5
kreska_20230125-154326_268_369.png 285.0 352.0 318.5 268.0 369.0 318.5 0.0
kreska_20230125-154639_268_369.png 287.0 352.0 319.5 268.0 369.0 318.5 1.0
kreska_20230125-161000_268_369.png 290.0 354.0 322.0 268.0 369.0 318.5 3.5
kreska_20230126-081438_300_401.png 337.0 362.0 349.5 300.0 401.0 350.5 -1.0
kreska_20230126-142722_270_371.png 282.0 359.0 320.5 270.0 371.0 320.5 0.0
kreska_20230126-142813_270_371.png 247.0 396.0 321.5 270.0 371.0 320.5 1.0
kreska_20230126-143016_270_371.png 288.0 357.0 322.5 270.0 371.0 320.5 2.0
kreska_20230126-143220_270_371.png 100.0 297.0 198.5 270.0 371.0 320.5 -122.0
kreska_20230208-120752_313_323.png 313.0 325.0 319.0 313.0 323.0 318.0 1.0
kreska_20230208-121413_313_323.png 100.0 150.0 125.0 313.0 323.0 318.0 -193.0
kreska_20230208-121620_313_323.png 313.0 324.0 318.5 313.0 323.0 318.0 0.5
kreska_20230208-122221_313_323.png 301.0 323.0 312.0 313.0 323.0 318.0 -6.0
