kreska_20221213-083716_300_401.png 314.0 386.0 350.0 300.0 401.0 350.5 -0.5
kreska_20221213-083747_300_401.png 421.0 496.0 458.5 300.0 401.0 350.5 108.0
kreska_20221213-083815_300_401.png 155.0 229.0 192.0 300.0 401.0 350.5 -158.5
kreska_20221213-144717_300_401.png 307.0 418.0 362.5 300.0 401.0 350.5 12.0
kreska_20221213-144727_300_401.png 364.0 471.0 417.5 300.0 401.0 350.5 67.0
kreska_20221213-144740_300_401.png 261.0 368.0 314.5 300.0 401.0 350.5 -36.0
kreska_20221219-173326_243_321.png 245.0 327.0 286.0 243.0 321.0 282.0 4.0
kreska_20221219-173605_174_252.png 384.0 457.0 420.5 174.0 252.0 213.0 207.5
kreska_20221221-155047_305_388.png 312.0 391.0 351.5 305.0 388.0 346.5 5.0
kreska_20221221-155255_435_518.png 443.0 520.0 481.5 435.0 518.0 476.5 5.0
kreska_20221221-155325_472_555.png 147.0 227.0 187.0 472.0 555.0 513.5 -326.5
kreska_20221221-155359_517_600.png 193.0 265.0 229.0 517.0 600.0 558.5 -329.5
kreska_20221221-155435_540_623.png 214.0 296.0 255.0 540.0 623.0 581.5 -326.5
kreska_20221221-155504_514_597.png 189.0 269.0 229.0 514.0 597.0 555.5 -326.5
kreska_20221221-155528_495_578.png 173.0 246.0 209.5 495.0 578.0 536.5 -327.0
kreska_20221221-155552_465_548.png 139.0 217.0 178.0 465.0 548.0 506.5 -328.5
kreska_20221221-155617_356_439.png 363.0 444.0 403.5 356.0 439.0 397.5 6.0
kreska_20221221-155629_295_378.png 303.0 375.0 339.0 295.0 378.0 336.5 2.5
kreska_20221221-155646_227_310.png 233.0 313.0 273.0 227.0 310.0 268.5 4.5
kreska_20221221-155707_142_225.png 147.0 226.0 186.5 142.0 225.0 183.5 3.0
kreska_20221221-155729_71_154.png 77.0 153.0 115.0 71.0 154.0 112.5 2.5
kreska_20221221-155753_44_127.png 52.0 129.0 90.5 44.0 127.0 85.5 5.0
kreska_20221221-155833_19_102.png 16.0 93.0 54.5 19.0 102.0 60.5 -6.0
kreska_20221221-155856_38_121.png 49.0 122.0 85.5 38.0 121.0 79.5 6.0
kreska_20221221-155916_81_164.png 81.0 161.0 121.0 81.0 164.0 122.5 -1.5
kreska_20221221-155941_133_216.png 136.0 214.0 175.0 133.0 216.0 174.5 0.5
kreska_20221221-160001_192_275.png 195.0 274.0 234.5 192.0 275.0 233.5 1.0
kreska_20221221-160016_240_323.png 244.0 327.0 285.5 240.0 323.0 281.5 4.0
kreska_20221221-160037_320_403.png 331.0 408.0 369.5 320.0 403.0 361.5 8.0
kreska_20221221-160124_305_388.png 311.0 391.0 351.0 305.0 388.0 346.5 4.5
kreska_20221221-160137_285_368.png 288.0 367.0 327.5 285.0 368.0 326.5 1.0
kreska_20221221-160158_244_327.png 248.0 328.0 288.0 244.0 327.0 285.5 2.5
kreska_20221221-160213_179_262.png 180.0 263.0 221.5 179.0 262.0 220.5 1.0
kreska_20221221-160250_361_444.png 369.0 450.0 409.5 361.0 444.0 402.5 7.0
kreska_20221221-160310_322_405.png 331.0 410.0 370.5 322.0 405.0 363.5 7.0
kreska_20221221-160329_295_378.png 303.0 382.0 342.5 295.0 378.0 336.5 6.0
kreska_20221221-160339_259_342.png 267.0 345.0 306.0 259.0 342.0 300.5 5.5
kreska_20230119-143129_308_357.png 315.0 356.0 335.5 308.0 357.0 332.5 3.0
kreska_20230119-143151_307_356.png 314.0 355.0 334.5 307.0 356.0 331.5 3.0
kreska_20230119-143302_307_356.png 306.0 363.0 334.5 307.0 356.0 331.5 3.0
kreska_20230119-143420_307_356.png 552.0 639.0 595.5 307.0 356.0 331.5 264.0
kreska_20230119-143707_307_356.png 314.0 355.0 334.5 307.0 356.0 331.5 3.0
kreska_20230119-143820_307_356.png 305.0 363.0 334.0 307.0 356.0 331.5 2.5
kreska_20230119-143905_307_356.png 549.0 639.0 594.0 307.0 356.0 331.5 262.5
kreska_20230119-143942_307_356.png 297.0 366.0 331.5 307.0 356.0 331.5 0.0
kreska_20230119-144204_307_356.png 305.0 350.0 327.5 307.0 356.0 331.5 -4.0
kreska_20230119-144535_307_356.png 297.0 366.0 331.5 307.0 356.0 331.5 0.0
kreska_20230119-144619_307_356.png 315.0 356.0 335.5 307.0 356.0 331.5 4.0
kreska_20230119-144717_307_356.png 298.0 358.0 328.0 307.0 356.0 331.5 -3.5
kreska_20230119-144755_307_356.png 546.0 639.0 592.5 307.0 356.0 331.5 261.0
kreska_20230119-144830_307_356.png 297.0 366.0 331.5 307.0 356.0 331.5 0.0
kreska_20230119-150557_307_356.png 302.0 355.0 328.5 307.0 356.0 331.5 -3.0
kreska_20230119-150711_307_356.png 303.0 361.0 332.0 307.0 356.0 331.5 0.5
kreska_20230119-150844_307_356.png 309.0 365.0 337.0 307.0 356.0 331.5 5.5
kreska_20230119-150950_307_356.png 303.0 358.0 330.5 307.0 356.0 331.5 -1.0
kreska_20230119-151048_307_356.png 304.0 362.0 333.0 307.0 356.0 331.5 1.5
kreska_20230119-151214_307_356.png 302.0 359.0 330.5 307.0 356.0 331.5 -1.0
kreska_20230119-151309_307_356.png 301.0 356.0 328.5 307.0 356.0 331.5 -3.0
kreska_20230119-152041_307_356.png 302.0 359.0 330.5 307.0 356.0 331.5 -1.0
kreska_20230119-153118_307_356.png 307.0 358.0 332.5 307.0 356.0 331.5 1.0
kreska_20230119-153230_307_356.png 312.0 356.0 334.0 307.0 356.0 331.5 2.5
kreska_20230119-153352_307_356.png 308.0 365.0 336.5 307.0 356.0 331.5 5.0
kreska_20230119-153451_307_356.png 305.0 354.0 329.5 307.0 356.0 331.5 -2.0
kreska_20230119-153618_307_356.png 312.0 358.0 335.0 307.0 356.0 331.5 3.5
kreska_20230119-153727_307_356.png 307.0 364.0 335.5 307.0 356.0 331.5 4.0
kreska_20230119-153813_307_356.png 306.0 356.0 331.0 307.0 356.0 331.5 -0.5
kreska_20230119-154646_307_356.png 310.0 362.0 336.0 307.0 356.0 331.5 4.5
kreska_20230119-154820_307_356.png 309.0 357.0 333.0 307.0 356.0 331.5 1.5
kreska_20230119-154937_307_356.png 308.0 355.0 331.5 307.0 356.0 331.5 0.0
kreska_20230119-155048_307_356.png 309.0 361.0 335.0 307.0 356.0 331.5 3.5
kreska_20230119-155148_307_356.png 309.0 362.0 335.5 307.0 356.0 331.5 4.0
kreska_20230119-155247_307_356.png 311.0 361.0 336.0 307.0 356.0 331.5 4.5
kreska_20230119-155352_307_356.png 310.0 356.0 333.0 307.0 356.0 331.5 1.5
kreska_20230119-155512_307_356.png 308.0 361.0 334.5 307.0 356.0 331.5 3.0
kreska_20230119-155614_307_356.png 309.0 357.0 333.0 307.0 356.0 331.5 1.5
kreska_20230119-155718_307_356.png 308.0 359.0 333.5 307.0 356.0 331.5 2.0
kreska_20230119-160957_298_395.png 303.0 393.0 348.0 298.0 395.0 346.5 1.5
kreska_20230119-161016_298_395.png 302.0 396.0 349.0 298.0 395.0 346.5 2.5
kreska_20230119-161034_298_395.png 299.0 404.0 351.5 298.0 395.0 346.5 5.0
kreska_20230119-161129_298_395.png 276.0 361.0 318.5 298.0 395.0 346.5 -28.0
kreska_20230119-161218_298_395.png 302.0 391.0 346.5 298.0 395.0 346.5 0.0
kreska_20230119-161327_298_395.png 301.0 405.0 353.0 298.0 395.0 346.5 6.5
kreska_20230119-161419_298_395.png 278.0 364.0 321.0 298.0 395.0 346.5 -25.5
kreska_20230119-161505_298_395.png 302.0 392.0 347.0 298.0 395.0 346.5 0.5
kreska_20230119-161550_298_395.png 303.0 398.0 350.5 298.0 395.0 346.5 4.0
kreska_20230119-165937_264_361.png 263.0 336.0 299.5 264.0 361.0 312.5 -13.0
kreska_20230119-170031_264_361.png 264.0 363.0 313.5 264.0 361.0 312.5 1.0
kreska_20230119-170109_264_361.png 264.0 363.0 313.5 264.0 361.0 312.5 1.0
kreska_20230119-170143_264_361.png 264.0 361.0 312.5 264.0 361.0 312.5 0.0
kreska_20230119-170232_264_361.png 266.0 363.0 314.5 264.0 361.0 312.5 2.0
kreska_20230119-170307_264_361.png 267.0 365.0 316.0 264.0 361.0 312.5 3.5
kreska_20230119-170355_264_361.png 266.0 363.0 314.5 264.0 361.0 312.5 2.0
kreska_20230119-170422_264_361.png 268.0 365.0 316.5 264.0 361.0 312.5 4.0
kreska_20230119-170449_264_361.png 266.0 364.0 315.0 264.0 361.0 312.5 2.5
kreska_20230119-170510_264_361.png 266.0 365.0 315.5 264.0 361.0 312.5 3.0
kreska_20230119-170546_264_361.png 266.0 364.0 315.0 264.0 361.0 312.5 2.5
kreska_20230119-170630_264_361.png 257.0 327.0 292.0 264.0 361.0 312.5 -20.5
kreska_20230119-170721_264_361.png 266.0 364.0 315.0 264.0 361.0 312.5 2.5
kreska_20230119-170806_264_361.png 266.0 366.0 316.0 264.0 361.0 312.5 3.5
kreska_20230119-170835_264_361.png 266.0 363.0 314.5 264.0 361.0 312.5 2.0
kreska_20230119-170908_264_361.png 265.0 362.0 313.5 264.0 361.0 312.5 1.0
kreska_20230119-171028_264_361.png 267.0 365.0 316.0 264.0 361.0 312.5 3.5
kreska_20230119-171140_264_361.png 265.0 362.0 313.5 264.0 361.0 312.5 1.0
kreska_20230119-171254_264_361.png 268.0 365.0 316.5 264.0 361.0 312.5 4.0
kreska_20230119-171323_264_361.png 266.0 364.0 315.0 264.0 361.0 312.5 2.5
kreska_20230119-171402_264_361.png 265.0 363.0 314.0 264.0 361.0 312.5 1.5
kreska_20230119-171429_264_361.png 264.0 362.0 313.0 264.0 361.0 312.5 0.5
kreska_20230119-171528_264_361.png 258.0 330.0 294.0 264.0 361.0 312.5 -18.5
kreska_20230119-171557_264_361.png 266.0 364.0 315.0 264.0 361.0 312.5 2.5
kreska_20230119-171632_264_361.png 265.0 364.0 314.5 264.0 361.0 312.5 2.0
kreska_20230119-171704_264_361.png 264.0 362.0 313.0 264.0 361.0 312.5 0.5
kreska_20230119-171754_264_361.png 266.0 363.0 314.5 264.0 361.0 312.5 2.0
kreska_20230119-171906_264_361.png 266.0 363.0 314.5 264.0 361.0 312.5 2.0
kreska_20230119-171952_264_361.png 267.0 365.0 316.0 264.0 361.0 312.5 3.5
kreska_20230119-172036_264_361.png 266.0 364.0 315.0 264.0 361.0 312.5 2.5
kreska_20230119-172138_264_361.png 263.0 362.0 312.5 264.0 361.0 312.5 0.0
kreska_20230119-172210_264_361.png 262.0 361.0 311.5 264.0 361.0 312.5 -1.0
kreska_20230119-172557_264_361.png 266.0 363.0 314.5 264.0 361.0 312.5 2.0
kreska_20230119-172723_264_361.png 264.0 362.0 313.0 264.0 361.0 312.5 0.5
kreska_20230119-172813_264_361.png 268.0 362.0 315.0 264.0 361.0 312.5 2.5
kreska_20230119-172849_264_361.png 269.0 363.0 316.0 264.0 361.0 312.5 3.5
kreska_20230119-172929_264_361.png 266.0 360.0 313.0 264.0 361.0 312.5 0.5
kreska_20230119-173001_264_361.png 267.0 361.0 314.0 264.0 361.0 312.5 1.5
kreska_20230119-173043_264_361.png 267.0 363.0 315.0 264.0 361.0 312.5 2.5
kreska_20230119-173134_264_361.png 265.0 356.0 310.5 264.0 361.0 312.5 -2.0
kreska_20230119-173239_264_361.png 268.0 335.0 301.5 264.0 361.0 312.5 -11.0
kreska_20230119-173302_264_361.png 266.0 364.0 315.0 264.0 361.0 312.5 2.5
kreska_20230119-173339_264_361.png 268.0 365.0 316.5 264.0 361.0 312.5 4.0
kreska_20230119-173417_264_361.png 267.0 364.0 315.5 264.0 361.0 312.5 3.0
kreska_20230119-173445_264_361.png 266.0 363.0 314.5 264.0 361.0 312.5 2.0
kreska_20230119-173514_264_361.png 267.0 361.0 314.0 264.0 361.0 312.5 1.5
kreska_20230119-173551_264_361.png 265.0 361.0 313.0 264.0 361.0 312.5 0.5
kreska_20230119-173628_264_361.png 269.0 362.0 315.5 264.0 361.0 312.5 3.0
kreska_20230119-173706_264_361.png 268.0 362.0 315.0 264.0 361.0 312.5 2.5
kreska_20230119-173829_264_361.png 266.0 357.0 311.5 264.0 361.0 312.5 -1.0
kreska_20230119-173959_264_361.png 275.0 341.0 308.0 264.0 361.0 312.5 -4.5
kreska_20230119-174029_264_361.png 264.0 362.0 313.0 264.0 361.0 312.5 0.5
kreska_20230119-174058_264_361.png 268.0 365.0 316.5 264.0 361.0 312.5 4.0
kreska_20230119-174206_264_361.png 268.0 366.0 317.0 264.0 361.0 312.5 4.5
kreska_20230119-174246_264_361.png 268.0 363.0 315.5 264.0 361.0 312.5 3.0
kreska_20230119-174313_264_361.png 265.0 361.0 313.0 264.0 361.0 312.5 0.5
kreska_20230119-174423_264_361.png 269.0 362.0 315.5 264.0 361.0 312.5 3.0
kreska_20230119-174452_264_361.png 266.0 360.0 313.0 264.0 361.0 312.5 0.5
kreska_20230119-174513_264_361.png 267.0 362.0 314.5 264.0 361.0 312.5 2.0
kreska_20230119-174719_264_361.png 279.0 329.0 304.0 264.0 361.0 312.5 -8.5
kreska_20230119-174801_264_361.png 261.0 360.0 310.5 264.0 361.0 312.5 -2.0
kreska_20230119-174830_264_361.png 265.0 364.0 314.5 264.0 361.0 312.5 2.0
kreska_20230119-174846_264_361.png 267.0 367.0 317.0 264.0 361.0 312.5 4.5
kreska_20230119-174916_264_361.png 265.0 364.0 314.5 264.0 361.0 312.5 2.0
kreska_20230119-174954_264_361.png 265.0 364.0 314.5 264.0 361.0 312.5 2.0
kreska_20230119-175054_264_361.png 266.0 364.0 315.0 264.0 361.0 312.5 2.5
kreska_20230119-175132_264_361.png 265.0 363.0 314.0 264.0 361.0 312.5 1.5
kreska_20230119-175202_264_361.png 266.0 365.0 315.5 264.0 361.0 312.5 3.0
kreska_20230119-175242_264_361.png 266.0 365.0 315.5 264.0 361.0 312.5 3.0
kreska_20230119-175316_264_361.png 265.0 362.0 313.5 264.0 361.0 312.5 1.0
kreska_20230119-175354_264_361.png 281.0 329.0 305.0 264.0 361.0 312.5 -7.5
kreska_20230119-175432_264_361.png 260.0 355.0 307.5 264.0 361.0 312.5 -5.0
kreska_20230119-175502_264_361.png 262.0 358.0 310.0 264.0 361.0 312.5 -2.5
kreska_20230119-175536_264_361.png 266.0 361.0 313.5 264.0 361.0 312.5 1.0
kreska_20230119-175602_264_361.png 264.0 360.0 312.0 264.0 361.0 312.5 -0.5
kreska_20230119-175656_264_361.png 266.0 364.0 315.0 264.0 361.0 312.5 2.5
kreska_20230119-175741_264_361.png 263.0 361.0 312.0 264.0 361.0 312.5 -0.5
kreska_20230119-180047_264_361.png 263.0 360.0 311.5 264.0 361.0 312.5 -1.0
kreska_20230119-180119_264_361.png 268.0 366.0 317.0 264.0 361.0 312.5 4.5
kreska_20230119-180139_264_361.png 263.0 363.0 313.0 264.0 361.0 312.5 0.5
kreska_20230119-180221_264_361.png 268.0 364.0 316.0 264.0 361.0 312.5 3.5
kreska_20230119-180301_264_361.png 282.0 330.0 306.0 264.0 361.0 312.5 -6.5
kreska_20230119-180334_264_361.png 263.0 361.0 312.0 264.0 361.0 312.5 -0.5
kreska_20230119-180412_264_361.png 263.0 359.0 311.0 264.0 361.0 312.5 -1.5
kreska_20230119-180456_264_361.png 263.0 359.0 311.0 264.0 361.0 312.5 -1.5
kreska_20230119-180532_264_361.png 262.0 358.0 310.0 264.0 361.0 312.5 -2.5
kreska_20230119-180612_264_361.png 262.0 361.0 311.5 264.0 361.0 312.5 -1.0
kreska_20230119-180709_264_361.png 268.0 366.0 317.0 264.0 361.0 312.5 4.5
kreska_20230119-180741_264_361.png 267.0 365.0 316.0 264.0 361.0 312.5 3.5
kreska_20230119-180805_264_361.png 268.0 366.0 317.0 264.0 361.0 312.5 4.5
kreska_20230119-180836_264_361.png 264.0 364.0 314.0 264.0 361.0 312.5 1.5
kreska_20230119-180912_264_361.png 268.0 364.0 316.0 264.0 361.0 312.5 3.5
kreska_20230119-181116_264_361.png 249.0 322.0 285.5 264.0 361.0 312.5 -27.0
kreska_20230119-181152_264_361.png 264.0 364.0 314.0 264.0 361.0 312.5 1.5
kreska_20230119-181216_264_361.png 267.0 366.0 316.5 264.0 361.0 312.5 4.0
kreska_20230119-181237_264_361.png 267.0 364.0 315.5 264.0 361.0 312.5 3.0
kreska_20230119-181334_264_361.png 264.0 360.0 312.0 264.0 361.0 312.5 -0.5
kreska_20230119-181437_264_361.png 267.0 363.0 315.0 264.0 361.0 312.5 2.5
kreska_20230119-181509_264_361.png 268.0 364.0 316.0 264.0 361.0 312.5 3.5
kreska_20230119-181558_264_361.png 268.0 364.0 316.0 264.0 361.0 312.5 3.5
kreska_20230119-181620_264_361.png 268.0 364.0 316.0 264.0 361.0 312.5 3.5
kreska_20230119-181652_264_361.png 264.0 361.0 312.5 264.0 361.0 312.5 0.0
kreska_20230119-181726_264_361.png 270.0 366.0 318.0 264.0 361.0 312.5 5.5
kreska_20230119-181813_264_361.png 247.0 321.0 284.0 264.0 361.0 312.5 -28.5
kreska_20230119-181901_264_361.png 268.0 368.0 318.0 264.0 361.0 312.5 5.5
kreska_20230119-181925_264_361.png 266.0 364.0 315.0 264.0 361.0 312.5 2.5
kreska_20230119-181935_264_361.png 264.0 362.0 313.0 264.0 361.0 312.5 0.5
kreska_20230119-182024_264_361.png 266.0 362.0 314.0 264.0 361.0 312.5 1.5
kreska_20230119-182122_264_361.png 265.0 361.0 313.0 264.0 361.0 312.5 0.5
kreska_20230119-182221_264_361.png 264.0 361.0 312.5 264.0 361.0 312.5 0.0
kreska_20230119-182259_264_361.png 267.0 363.0 315.0 264.0 361.0 312.5 2.5
kreska_20230119-182335_264_361.png 268.0 365.0 316.5 264.0 361.0 312.5 4.0
kreska_20230119-182411_264_361.png 264.0 362.0 313.0 264.0 361.0 312.5 0.5
kreska_20230119-182431_264_361.png 265.0 362.0 313.5 264.0 361.0 312.5 1.0
kreska_20230119-182513_264_361.png 254.0 325.0 289.5 264.0 361.0 312.5 -23.0
kreska_20230119-182548_264_361.png 267.0 366.0 316.5 264.0 361.0 312.5 4.0
kreska_20230119-182605_264_361.png 266.0 365.0 315.5 264.0 361.0 312.5 3.0
kreska_20230119-182616_264_361.png 264.0 362.0 313.0 264.0 361.0 312.5 0.5
kreska_20230119-182635_264_361.png 266.0 362.0 314.0 264.0 361.0 312.5 1.5
kreska_20230119-182659_264_361.png 266.0 362.0 314.0 264.0 361.0 312.5 1.5
kreska_20230119-182726_264_361.png 269.0 365.0 317.0 264.0 361.0 312.5 4.5
kreska_20230119-182800_264_361.png 269.0 365.0 317.0 264.0 361.0 312.5 4.5
kreska_20230119-182822_264_361.png 270.0 366.0 318.0 264.0 361.0 312.5 5.5
kreska_20230119-182857_264_361.png 265.0 363.0 314.0 264.0 361.0 312.5 1.5
kreska_20230119-183242_264_361.png 273.0 333.0 303.0 264.0 361.0 312.5 -9.5
kreska_20230119-183256_264_361.png 261.0 367.0 314.0 264.0 361.0 312.5 1.5
kreska_20230119-183346_264_361.png 261.0 367.0 314.0 264.0 361.0 312.5 1.5
kreska_20230119-183422_264_361.png 258.0 364.0 311.0 264.0 361.0 312.5 -1.5
kreska_20230119-183505_264_361.png 265.0 371.0 318.0 264.0 361.0 312.5 5.5
kreska_20230119-183550_264_361.png 265.0 370.0 317.5 264.0 361.0 312.5 5.0
kreska_20230119-183643_264_361.png 260.0 366.0 313.0 264.0 361.0 312.5 0.5
kreska_20230119-183732_264_361.png 264.0 370.0 317.0 264.0 361.0 312.5 4.5
kreska_20230119-183915_264_361.png 266.0 369.0 317.5 264.0 361.0 312.5 5.0
kreska_20230119-183934_264_361.png 270.0 329.0 299.5 264.0 361.0 312.5 -13.0
kreska_20230119-184001_264_361.png 258.0 365.0 311.5 264.0 361.0 312.5 -1.0
kreska_20230119-184028_264_361.png 258.0 364.0 311.0 264.0 361.0 312.5 -1.5
kreska_20230119-184040_264_361.png 259.0 366.0 312.5 264.0 361.0 312.5 0.0
kreska_20230119-184126_264_361.png 264.0 370.0 317.0 264.0 361.0 312.5 4.5
kreska_20230119-184214_264_361.png 260.0 365.0 312.5 264.0 361.0 312.5 0.0
kreska_20230119-184243_264_361.png 262.0 369.0 315.5 264.0 361.0 312.5 3.0
kreska_20230119-184319_264_361.png 261.0 367.0 314.0 264.0 361.0 312.5 1.5
kreska_20230119-184347_264_361.png 259.0 365.0 312.0 264.0 361.0 312.5 -0.5
kreska_20230119-184448_264_361.png 260.0 363.0 311.5 264.0 361.0 312.5 -1.0
kreska_20230119-184536_264_361.png 270.0 330.0 300.0 264.0 361.0 312.5 -12.5
kreska_20230119-184607_264_361.png 262.0 369.0 315.5 264.0 361.0 312.5 3.0
kreska_20230119-184627_264_361.png 257.0 363.0 310.0 264.0 361.0 312.5 -2.5
kreska_20230119-184659_264_361.png 259.0 365.0 312.0 264.0 361.0 312.5 -0.5
kreska_20230119-184725_264_361.png 257.0 365.0 311.0 264.0 361.0 312.5 -1.5
kreska_20230119-184818_264_361.png 261.0 367.0 314.0 264.0 361.0 312.5 1.5
kreska_20230119-184841_264_361.png 260.0 366.0 313.0 264.0 361.0 312.5 0.5
kreska_20230119-184918_264_361.png 259.0 366.0 312.5 264.0 361.0 312.5 0.0
kreska_20230119-184952_264_361.png 259.0 364.0 311.5 264.0 361.0 312.5 -1.0
kreska_20230119-185034_264_361.png 266.0 369.0 317.5 264.0 361.0 312.5 5.0
kreska_20230125-143843_268_369.png 293.0 335.0 314.0 268.0 369.0 318.5 -4.5
kreska_20230125-143956_268_369.png 265.0 368.0 316.5 268.0 369.0 318.5 -2.0
kreska_20230125-144027_268_369.png 268.0 362.0 315.0 268.0 369.0 318.5 -3.5
kreska_20230125-144058_268_369.png 270.0 370.0 320.0 268.0 369.0 318.5 1.5
kreska_20230125-144131_268_369.png 268.0 371.0 319.5 268.0 369.0 318.5 1.0
kreska_20230125-144203_268_369.png 268.0 372.0 320.0 268.0 369.0 318.5 1.5
kreska_20230125-144231_268_369.png 268.0 367.0 317.5 268.0 369.0 318.5 -1.0
kreska_20230125-144310_268_369.png 266.0 366.0 316.0 268.0 369.0 318.5 -2.5
kreska_20230125-144345_268_369.png 263.0 364.0 313.5 268.0 369.0 318.5 -5.0
kreska_20230125-144421_268_369.png 267.0 367.0 317.0 268.0 369.0 318.5 -1.5
kreska_20230125-144511_268_369.png 267.0 368.0 317.5 268.0 369.0 318.5 -1.0
kreska_20230125-144547_268_369.png 265.0 363.0 314.0 268.0 369.0 318.5 -4.5
kreska_20230125-144628_268_369.png 279.0 356.0 317.5 268.0 369.0 318.5 -1.0
kreska_20230125-144657_268_369.png 278.0 364.0 321.0 268.0 369.0 318.5 2.5
kreska_20230125-144735_268_369.png 279.0 362.0 320.5 268.0 369.0 318.5 2.0
kreska_20230125-144809_268_369.png 272.0 361.0 316.5 268.0 369.0 318.5 -2.0
kreska_20230125-144843_268_369.png 270.0 365.0 317.5 268.0 369.0 318.5 -1.0
kreska_20230125-144944_268_369.png 273.0 365.0 319.0 268.0 369.0 318.5 0.5
kreska_20230125-145028_268_369.png 279.0 361.0 320.0 268.0 369.0 318.5 1.5
kreska_20230125-145100_268_369.png 271.0 361.0 316.0 268.0 369.0 318.5 -2.5
kreska_20230125-145128_268_369.png 276.0 363.0 319.5 268.0 369.0 318.5 1.0
kreska_20230125-145155_268_369.png 268.0 368.0 318.0 268.0 369.0 318.5 -0.5
kreska_20230125-145220_268_369.png 264.0 364.0 314.0 268.0 369.0 318.5 -4.5
kreska_20230125-145249_268_369.png 275.0 359.0 317.0 268.0 369.0 318.5 -1.5
kreska_20230125-145335_268_369.png 275.0 359.0 317.0 268.0 369.0 318.5 -1.5
kreska_20230125-145415_268_369.png 267.0 369.0 318.0 268.0 369.0 318.5 -0.5
kreska_20230125-145505_268_369.png 269.0 368.0 318.5 268.0 369.0 318.5 0.0
kreska_20230125-154326_268_369.png 271.0 367.0 319.0 268.0 369.0 318.5 0.5
kreska_20230125-154639_268_369.png 274.0 363.0 318.5 268.0 369.0 318.5 0.0
kreska_20230125-154734_268_369.png 292.0 333.0 312.5 268.0 369.0 318.5 -6.0
kreska_20230125-154806_268_369.png 268.0 370.0 319.0 268.0 369.0 318.5 0.5
kreska_20230125-154824_268_369.png 269.0 365.0 317.0 268.0 369.0 318.5 -1.5
kreska_20230125-154854_268_369.png 270.0 370.0 320.0 268.0 369.0 318.5 1.5
kreska_20230125-155003_268_369.png 271.0 374.0 322.5 268.0 369.0 318.5 4.0
kreska_20230125-155047_268_369.png 268.0 371.0 319.5 268.0 369.0 318.5 1.0
kreska_20230125-155121_268_369.png 271.0 369.0 320.0 268.0 369.0 318.5 1.5
kreska_20230125-155147_268_369.png 267.0 366.0 316.5 268.0 369.0 318.5 -2.0
kreska_20230125-155229_268_369.png 268.0 370.0 319.0 268.0 369.0 318.5 0.5
kreska_20230125-155252_268_369.png 268.0 368.0 318.0 268.0 369.0 318.5 -0.5
kreska_20230125-155328_268_369.png 270.0 370.0 320.0 268.0 369.0 318.5 1.5
kreska_20230125-155401_268_369.png 269.0 367.0 318.0 268.0 369.0 318.5 -0.5
kreska_20230125-155440_268_369.png 282.0 360.0 321.0 268.0 369.0 318.5 2.5
kreska_20230125-155724_268_369.png 276.0 361.0 318.5 268.0 369.0 318.5 0.0
kreska_20230125-155755_268_369.png 276.0 360.0 318.0 268.0 369.0 318.5 -0.5
kreska_20230125-155850_268_369.png 271.0 361.0 316.0 268.0 369.0 318.5 -2.5
kreska_20230125-155956_268_369.png 271.0 368.0 319.5 268.0 369.0 318.5 1.0
kreska_20230125-160034_268_369.png 274.0 367.0 320.5 268.0 369.0 318.5 2.0
kreska_20230125-160118_268_369.png 278.0 359.0 318.5 268.0 369.0 318.5 0.0
kreska_20230125-160211_268_369.png 275.0 365.0 320.0 268.0 369.0 318.5 1.5
kreska_20230125-160257_268_369.png 278.0 366.0 322.0 268.0 369.0 318.5 3.5
kreska_20230125-160354_268_369.png 268.0 368.0 318.0 268.0 369.0 318.5 -0.5
kreska_20230125-160446_268_369.png 275.0 371.0 323.0 268.0 369.0 318.5 4.5
kreska_20230125-160522_268_369.png 276.0 360.0 318.0 268.0 369.0 318.5 -0.5
kreska_20230125-160645_268_369.png 277.0 362.0 319.5 268.0 369.0 318.5 1.0
kreska_20230125-160716_268_369.png 266.0 368.0 317.0 268.0 369.0 318.5 -1.5
kreska_20230125-160807_268_369.png 270.0 370.0 320.0 268.0 369.0 318.5 1.5
kreska_20230125-160852_268_369.png 272.0 368.0 320.0 268.0 369.0 318.5 1.5
kreska_20230125-160931_268_369.png 273.0 365.0 319.0 268.0 369.0 318.5 0.5
kreska_20230125-161000_268_369.png 274.0 364.0 319.0 268.0 369.0 318.5 0.5
kreska_20230125-161025_268_369.png 273.0 360.0 316.5 268.0 369.0 318.5 -2.0
kreska_20230125-161132_268_369.png 291.0 332.0 311.5 268.0 369.0 318.5 -7.0
kreska_20230125-161216_268_369.png 267.0 369.0 318.0 268.0 369.0 318.5 -0.5
kreska_20230125-161251_268_369.png 271.0 366.0 318.5 268.0 369.0 318.5 0.0
kreska_20230125-161323_268_369.png 268.0 367.0 317.5 268.0 369.0 318.5 -1.0
kreska_20230125-161402_268_369.png 269.0 372.0 320.5 268.0 369.0 318.5 2.0
kreska_20230125-161433_268_369.png 269.0 373.0 321.0 268.0 369.0 318.5 2.5
kreska_20230125-161507_268_369.png 268.0 366.0 317.0 268.0 369.0 318.5 -1.5
kreska_20230125-161544_268_369.png 266.0 365.0 315.5 268.0 369.0 318.5 -3.0
kreska_20230125-161604_268_369.png 268.0 370.0 319.0 268.0 369.0 318.5 0.5
kreska_20230125-161645_268_369.png 265.0 364.0 314.5 268.0 369.0 318.5 -4.0
kreska_20230125-161714_268_369.png 267.0 367.0 317.0 268.0 369.0 318.5 -1.5
kreska_20230125-161740_268_369.png 269.0 367.0 318.0 268.0 369.0 318.5 -0.5
kreska_20230125-161815_268_369.png 282.0 360.0 321.0 268.0 369.0 318.5 2.5
kreska_20230125-161847_268_369.png 277.0 361.0 319.0 268.0 369.0 318.5 0.5
kreska_20230125-161926_268_369.png 279.0 362.0 320.5 268.0 369.0 318.5 2.0
kreska_20230125-162053_268_369.png 272.0 361.0 316.5 268.0 369.0 318.5 -2.0
kreska_20230125-162123_268_369.png 271.0 367.0 319.0 268.0 369.0 318.5 0.5
kreska_20230125-162204_268_369.png 271.0 364.0 317.5 268.0 369.0 318.5 -1.0
kreska_20230125-162236_268_369.png 281.0 362.0 321.5 268.0 369.0 318.5 3.0
kreska_20230125-162313_268_369.png 274.0 364.0 319.0 268.0 369.0 318.5 0.5
kreska_20230125-162349_268_369.png 272.0 363.0 317.5 268.0 369.0 318.5 -1.0
kreska_20230125-162501_268_369.png 266.0 369.0 317.5 268.0 369.0 318.5 -1.0
kreska_20230125-162536_268_369.png 265.0 365.0 315.0 268.0 369.0 318.5 -3.5
kreska_20230125-162626_268_369.png 278.0 362.0 320.0 268.0 369.0 318.5 1.5
kreska_20230125-162657_268_369.png 274.0 358.0 316.0 268.0 369.0 318.5 -2.5
kreska_20230125-162801_268_369.png 270.0 371.0 320.5 268.0 369.0 318.5 2.0
kreska_20230125-162934_268_369.png 269.0 365.0 317.0 268.0 369.0 318.5 -1.5
kreska_20230125-163012_268_369.png 272.0 367.0 319.5 268.0 369.0 318.5 1.0
kreska_20230125-163149_268_369.png 273.0 365.0 319.0 268.0 369.0 318.5 0.5
kreska_20230125-163220_268_369.png 274.0 364.0 319.0 268.0 369.0 318.5 0.5
kreska_20230125-163310_268_369.png 275.0 361.0 318.0 268.0 369.0 318.5 -0.5
kreska_20230126-081438_300_401.png 334.0 377.0 355.5 300.0 401.0 350.5 5.0
kreska_20230126-091756_300_401.png 297.0 335.0 316.0 300.0 401.0 350.5 -34.5
kreska_20230126-091907_300_401.png 299.0 338.0 318.5 300.0 401.0 350.5 -32.0
kreska_20230126-092007_300_401.png 334.0 376.0 355.0 300.0 401.0 350.5 4.5
kreska_20230126-142722_270_371.png 267.0 372.0 319.5 270.0 371.0 320.5 -1.0
kreska_20230126-142813_270_371.png 281.0 360.0 320.5 270.0 371.0 320.5 0.0
kreska_20230126-142858_270_371.png 273.0 371.0 322.0 270.0 371.0 320.5 1.5
kreska_20230126-142932_270_371.png 278.0 361.0 319.5 270.0 371.0 320.5 -1.0
kreska_20230126-143016_270_371.png 277.0 368.0 322.5 270.0 371.0 320.5 2.0
kreska_20230126-143034_270_371.png 276.0 368.0 322.0 270.0 371.0 320.5 1.5
kreska_20230126-143058_270_371.png 269.0 365.0 317.0 270.0 371.0 320.5 -3.5
kreska_20230126-143133_270_371.png 280.0 363.0 321.5 270.0 371.0 320.5 1.0
kreska_20230126-143220_270_371.png 275.0 361.0 318.0 270.0 371.0 320.5 -2.5
kreska_20230126-143301_270_371.png 273.0 365.0 319.0 270.0 371.0 320.5 -1.5
kreska_20230126-143436_270_371.png 304.0 340.0 322.0 270.0 371.0 320.5 1.5
kreska_20230126-143520_270_371.png 264.0 370.0 317.0 270.0 371.0 320.5 -3.5
kreska_20230126-143609_270_371.png 279.0 358.0 318.5 270.0 371.0 320.5 -2.0
kreska_20230126-143645_270_371.png 271.0 368.0 319.5 270.0 371.0 320.5 -1.0
kreska_20230126-143727_270_371.png 278.0 361.0 319.5 270.0 371.0 320.5 -1.0
kreska_20230126-143751_270_371.png 277.0 369.0 323.0 270.0 371.0 320.5 2.5
kreska_20230126-143822_270_371.png 277.0 368.0 322.5 270.0 371.0 320.5 2.0
kreska_20230126-143910_270_371.png 273.0 368.0 320.5 270.0 371.0 320.5 0.0
kreska_20230126-143932_270_371.png 281.0 363.0 322.0 270.0 371.0 320.5 1.5
kreska_20230126-144005_270_371.png 280.0 367.0 323.5 270.0 371.0 320.5 3.0
kreska_20230126-144045_270_371.png 271.0 366.0 318.5 270.0 371.0 320.5 -2.0
kreska_20230126-144219_270_371.png 304.0 342.0 323.0 270.0 371.0 320.5 2.5
kreska_20230126-144254_270_371.png 267.0 373.0 320.0 270.0 371.0 320.5 -0.5
kreska_20230126-144333_270_371.png 279.0 360.0 319.5 270.0 371.0 320.5 -1.0
kreska_20230126-144408_270_371.png 272.0 369.0 320.5 270.0 371.0 320.5 0.0
kreska_20230126-144440_270_371.png 276.0 361.0 318.5 270.0 371.0 320.5 -2.0
kreska_20230126-144515_270_371.png 277.0 368.0 322.5 270.0 371.0 320.5 2.0
kreska_20230126-144543_270_371.png 277.0 368.0 322.5 270.0 371.0 320.5 2.0
kreska_20230126-144606_270_371.png 274.0 368.0 321.0 270.0 371.0 320.5 0.5
kreska_20230126-144650_270_371.png 279.0 362.0 320.5 270.0 371.0 320.5 0.0
kreska_20230126-144739_270_371.png 280.0 366.0 323.0 270.0 371.0 320.5 2.5
kreska_20230126-144823_270_371.png 273.0 366.0 319.5 270.0 371.0 320.5 -1.0
kreska_20230208-120752_313_323.png 311.0 322.0 316.5 313.0 323.0 318.0 -1.5
kreska_20230208-121413_313_323.png 277.0 289.0 283.0 313.0 323.0 318.0 -35.0
kreska_20230208-121445_313_323.png 278.0 290.0 284.0 313.0 323.0 318.0 -34.0
kreska_20230208-121620_313_323.png 278.0 291.0 284.5 313.0 323.0 318.0 -33.5
kreska_20230208-121717_313_323.png 309.0 321.0 315.0 313.0 323.0 318.0 -3.0
kreska_20230208-121757_313_323.png 308.0 323.0 315.5 313.0 323.0 318.0 -2.5
kreska_20230208-121837_313_323.png 278.0 291.0 284.5 313.0 323.0 318.0 -33.5
kreska_20230208-121916_313_323.png 309.0 324.0 316.5 313.0 323.0 318.0 -1.5
kreska_20230208-122149_313_323.png 310.0 326.0 318.0 313.0 323.0 318.0 0.0
kreska_20230208-122221_313_323.png 340.0 356.0 348.0 313.0 323.0 318.0 30.0
kreska_20230208-122244_313_323.png 342.0 355.0 348.5 313.0 323.0 318.0 30.5
kreska_20230208-122306_313_323.png 343.0 356.0 349.5 313.0 323.0 318.0 31.5
kreska_20230208-122334_313_323.png 343.0 355.0 349.0 313.0 323.0 318.0 31.0
kreska_20230208-122527_313_323.png 311.0 322.0 316.5 313.0 323.0 318.0 -1.5
kreska_20230208-122747_313_323.png 279.0 291.0 285.0 313.0 323.0 318.0 -33.0
kreska_20230208-122851_313_323.png 277.0 291.0 284.0 313.0 323.0 318.0 -34.0
kreska_20230208-122937_313_323.png 309.0 324.0 316.5 313.0 323.0 318.0 -1.5
kreska_20230208-123044_313_323.png 277.0 290.0 283.5 313.0 323.0 318.0 -34.5
kreska_20230208-123141_313_323.png 309.0 325.0 317.0 313.0 323.0 318.0 -1.0
kreska_20230208-123248_313_323.png 308.0 324.0 316.0 313.0 323.0 318.0 -2.0
kreska_20230208-123314_313_323.png 342.0 355.0 348.5 313.0 323.0 318.0 30.5
kreska_20230208-123351_313_323.png 343.0 356.0 349.5 313.0 323.0 318.0 31.5
kreska_20230208-123417_313_323.png 344.0 356.0 350.0 313.0 323.0 318.0 32.0
kreska_20230208-123447_313_323.png 344.0 357.0 350.5 313.0 323.0 318.0 32.5
kreska_20230208-123518_313_323.png 310.0 322.0 316.0 313.0 323.0 318.0 -2.0
kreska_20230208-123604_313_323.png 279.0 291.0 285.0 313.0 323.0 318.0 -33.0
kreska_20230208-123644_313_323.png 277.0 291.0 284.0 313.0 323.0 318.0 -34.0
kreska_20230208-123719_313_323.png 309.0 324.0 316.5 313.0 323.0 318.0 -1.5
kreska_20230208-123757_313_323.png 279.0 292.0 285.5 313.0 323.0 318.0 -32.5
kreska_20230208-123852_313_323.png 309.0 325.0 317.0 313.0 323.0 318.0 -1.0
kreska_20230208-123928_313_323.png 309.0 325.0 317.0 313.0 323.0 318.0 -1.0
kreska_20230208-124009_313_323.png 341.0 355.0 348.0 313.0 323.0 318.0 30.0
kreska_20230208-124052_313_323.png 345.0 358.0 351.5 313.0 323.0 318.0 33.5
kreska_20230208-124121_313_323.png 343.0 357.0 350.0 313.0 323.0 318.0 32.0
kreska_20230208-124154_313_323.png 279.0 291.0 285.0 313.0 323.0 318.0 -33.0
kreska_20230208-124824_286_341.png 279.0 347.0 313.0 286.0 341.0 313.5 -0.5
kreska_20230208-124916_286_341.png 283.0 352.0 317.5 286.0 341.0 313.5 4.0
kreska_20230208-124939_286_341.png 276.0 354.0 315.0 286.0 341.0 313.5 1.5
kreska_20230208-125027_286_341.png 274.0 351.0 312.5 286.0 341.0 313.5 -1.0
kreska_20230208-125055_286_341.png 272.0 352.0 312.0 286.0 341.0 313.5 -1.5
kreska_20230208-125144_286_341.png 279.0 349.0 314.0 286.0 341.0 313.5 0.5
kreska_20230208-125234_286_341.png 280.0 353.0 316.5 286.0 341.0 313.5 3.0
kreska_20230208-125336_286_341.png 274.0 352.0 313.0 286.0 341.0 313.5 -0.5
kreska_20230208-125406_286_341.png 269.0 357.0 313.0 286.0 341.0 313.5 -0.5
kreska_20230208-125502_286_341.png 285.0 352.0 318.5 286.0 341.0 313.5 5.0
kreska_20230208-125546_286_341.png 281.0 350.0 315.5 286.0 341.0 313.5 2.0
kreska_20230208-125630_286_341.png 285.0 351.0 318.0 286.0 341.0 313.5 4.5
kreska_20230208-125658_286_341.png 282.0 351.0 316.5 286.0 341.0 313.5 3.0
kreska_20230208-125728_286_341.png 275.0 353.0 314.0 286.0 341.0 313.5 0.5
kreska_20230208-125832_286_341.png 276.0 352.0 314.0 286.0 341.0 313.5 0.5
kreska_20230208-125854_286_341.png 269.0 349.0 309.0 286.0 341.0 313.5 -4.5
kreska_20230208-125916_286_341.png 284.0 352.0 318.0 286.0 341.0 313.5 4.5
kreska_20230208-130027_286_341.png 284.0 356.0 320.0 286.0 341.0 313.5 6.5
kreska_20230208-130116_286_341.png 274.0 352.0 313.0 286.0 341.0 313.5 -0.5
kreska_20230208-130200_286_341.png 268.0 355.0 311.5 286.0 341.0 313.5 -2.0
kreska_20230208-130221_286_341.png 285.0 352.0 318.5 286.0 341.0 313.5 5.0
kreska_20230208-130313_286_341.png 279.0 349.0 314.0 286.0 341.0 313.5 0.5
kreska_20230208-130351_286_341.png 286.0 351.0 318.5 286.0 341.0 313.5 5.0
kreska_20230208-130420_286_341.png 282.0 351.0 316.5 286.0 341.0 313.5 3.0
kreska_20230208-130508_286_341.png 278.0 355.0 316.5 286.0 341.0 313.5 3.0
kreska_20230208-130534_286_341.png 275.0 351.0 313.0 286.0 341.0 313.5 -0.5
kreska_20230208-130605_286_341.png 270.0 351.0 310.5 286.0 341.0 313.5 -3.0
kreska_20230208-130643_286_341.png 287.0 354.0 320.5 286.0 341.0 313.5 7.0
kreska_20230208-130705_286_341.png 278.0 352.0 315.0 286.0 341.0 313.5 1.5
kreska_20230208-130730_286_341.png 275.0 353.0 314.0 286.0 341.0 313.5 0.5
kreska_20230208-130759_286_341.png 267.0 354.0 310.5 286.0 341.0 313.5 -3.0
kreska_20230208-130844_286_341.png 280.0 349.0 314.5 286.0 341.0 313.5 1.0
kreska_20230208-131125_293_348.png 297.0 346.0 321.5 293.0 348.0 320.5 1.0
kreska_20230208-131327_293_348.png 297.0 350.0 323.5 293.0 348.0 320.5 3.0
kreska_20230208-131345_293_348.png 289.0 348.0 318.5 293.0 348.0 320.5 -2.0
kreska_20230208-131416_293_348.png 289.0 358.0 323.5 293.0 348.0 320.5 3.0
kreska_20230208-131503_293_348.png 292.0 357.0 324.5 293.0 348.0 320.5 4.0
kreska_20230208-131604_293_348.png 293.0 353.0 323.0 293.0 348.0 320.5 2.5
kreska_20230208-131755_293_348.png 294.0 350.0 322.0 293.0 348.0 320.5 1.5
kreska_20230208-131815_293_348.png 292.0 351.0 321.5 293.0 348.0 320.5 1.0
kreska_20230208-131925_293_348.png 292.0 350.0 321.0 293.0 348.0 320.5 0.5
kreska_20230208-132136_293_348.png 293.0 350.0 321.5 293.0 348.0 320.5 1.0
kreska_20230208-132239_293_348.png 297.0 347.0 322.0 293.0 348.0 320.5 1.5
kreska_20230208-132345_293_348.png 300.0 354.0 327.0 293.0 348.0 320.5 6.5
kreska_20230208-132431_293_348.png 289.0 349.0 319.0 293.0 348.0 320.5 -1.5
kreska_20230208-132453_293_348.png 289.0 356.0 322.5 293.0 348.0 320.5 2.0
kreska_20230208-132527_293_348.png 290.0 353.0 321.5 293.0 348.0 320.5 1.0
kreska_20230208-132541_293_348.png 293.0 352.0 322.5 293.0 348.0 320.5 2.0
kreska_20230208-132605_293_348.png 296.0 352.0 324.0 293.0 348.0 320.5 3.5
kreska_20230208-132641_293_348.png 290.0 349.0 319.5 293.0 348.0 320.5 -1.0
kreska_20230208-132720_293_348.png 293.0 351.0 322.0 293.0 348.0 320.5 1.5
kreska_20230208-132757_293_348.png 294.0 350.0 322.0 293.0 348.0 320.5 1.5
kreska_20230208-132826_293_348.png 291.0 349.0 320.0 293.0 348.0 320.5 -0.5
kreska_20230208-132903_293_348.png 297.0 346.0 321.5 293.0 348.0 320.5 1.0
kreska_20230208-132949_293_348.png 299.0 353.0 326.0 293.0 348.0 320.5 5.5
kreska_20230208-133013_293_348.png 288.0 348.0 318.0 293.0 348.0 320.5 -2.5
kreska_20230208-133041_293_348.png 290.0 358.0 324.0 293.0 348.0 320.5 3.5
kreska_20230208-133114_293_348.png 287.0 350.0 318.5 293.0 348.0 320.5 -2.0
kreska_20230208-133147_293_348.png 292.0 352.0 322.0 293.0 348.0 320.5 1.5
kreska_20230208-133217_293_348.png 293.0 350.0 321.5 293.0 348.0 320.5 1.0
kreska_20230208-133256_293_348.png 292.0 352.0 322.0 293.0 348.0 320.5 1.5
kreska_20230208-133315_293_348.png 295.0 353.0 324.0 293.0 348.0 320.5 3.5
kreska_20230208-133327_293_348.png 294.0 350.0 322.0 293.0 348.0 320.5 1.5
kreska_20230208-133347_293_348.png 294.0 352.0 323.0 293.0 348.0 320.5 2.5
kreska_20230210-101002_295_379.png 318.0 356.0 337.0 295.0 379.0 337.0 0.0
kreska_20230210-101043_295_379.png 290.0 392.0 341.0 295.0 379.0 337.0 4.0
kreska_20230210-101101_295_379.png 290.0 388.0 339.0 295.0 379.0 337.0 2.0
kreska_20230210-101147_295_379.png 290.0 388.0 339.0 295.0 379.0 337.0 2.0
kreska_20230210-101210_295_379.png 287.0 386.0 336.5 295.0 379.0 337.0 -0.5
kreska_20230210-101433_295_379.png 290.0 381.0 335.5 295.0 379.0 337.0 -1.5
kreska_20230210-101443_295_379.png 289.0 389.0 339.0 295.0 379.0 337.0 2.0
kreska_20230210-101453_295_379.png 288.0 391.0 339.5 295.0 379.0 337.0 2.5
kreska_20230210-101541_295_379.png 284.0 387.0 335.5 295.0 379.0 337.0 -1.5
kreska_20230210-101626_295_379.png 283.0 385.0 334.0 295.0 379.0 337.0 -3.0
kreska_20230210-101703_295_379.png 290.0 383.0 336.5 295.0 379.0 337.0 -0.5
kreska_20230210-101819_295_379.png 293.0 375.0 334.0 295.0 379.0 337.0 -3.0
kreska_20230210-101851_295_379.png 294.0 385.0 339.5 295.0 379.0 337.0 2.5
kreska_20230210-101941_295_379.png 293.0 383.0 338.0 295.0 379.0 337.0 1.0
kreska_20230210-102017_295_379.png 291.0 382.0 336.5 295.0 379.0 337.0 -0.5
kreska_20230210-102045_295_379.png 286.0 385.0 335.5 295.0 379.0 337.0 -1.5
kreska_20230210-102220_295_379.png 278.0 377.0 327.5 295.0 379.0 337.0 -9.5
kreska_20230210-102234_295_379.png 284.0 379.0 331.5 295.0 379.0 337.0 -5.5
kreska_20230210-102328_295_379.png 289.0 390.0 339.5 295.0 379.0 337.0 2.5
kreska_20230210-102346_295_379.png 291.0 390.0 340.5 295.0 379.0 337.0 3.5
kreska_20230210-102456_295_379.png 286.0 378.0 332.0 295.0 379.0 337.0 -5.0
kreska_20230210-102546_295_379.png 285.0 388.0 336.5 295.0 379.0 337.0 -0.5
kreska_20230210-102628_295_379.png 291.0 390.0 340.5 295.0 379.0 337.0 3.5
kreska_20230210-102726_295_379.png 295.0 389.0 342.0 295.0 379.0 337.0 5.0
kreska_20230210-102801_295_379.png 284.0 377.0 330.5 295.0 379.0 337.0 -6.5
kreska_20230210-102830_295_379.png 294.0 388.0 341.0 295.0 379.0 337.0 4.0
kreska_20230210-102857_295_379.png 290.0 378.0 334.0 295.0 379.0 337.0 -3.0
kreska_20230210-103115_295_379.png 290.0 388.0 339.0 295.0 379.0 337.0 2.0
kreska_20230210-103130_295_379.png 289.0 387.0 338.0 295.0 379.0 337.0 1.0
kreska_20230210-103156_295_379.png 285.0 385.0 335.0 295.0 379.0 337.0 -2.0
kreska_20230210-103209_295_379.png 295.0 389.0 342.0 295.0 379.0 337.0 5.0
kreska_20230210-103233_295_379.png 293.0 386.0 339.5 295.0 379.0 337.0 2.5
kreska_20230210-103247_295_379.png 288.0 389.0 338.5 295.0 379.0 337.0 1.5
kreska_20230210-103303_295_379.png 286.0 389.0 337.5 295.0 379.0 337.0 0.5
kreska_20230210-103317_295_379.png 287.0 390.0 338.5 295.0 379.0 337.0 1.5
kreska_20230210-103353_295_379.png 284.0 387.0 335.5 295.0 379.0 337.0 -1.5
kreska_20230210-103515_295_379.png 294.0 385.0 339.5 295.0 379.0 337.0 2.5
kreska_20230210-103542_295_379.png 295.0 377.0 336.0 295.0 379.0 337.0 -1.0
kreska_20230210-103626_295_379.png 292.0 383.0 337.5 295.0 379.0 337.0 0.5
kreska_20230210-103710_295_379.png 288.0 378.0 333.0 295.0 379.0 337.0 -4.0
kreska_20230210-103729_295_379.png 291.0 383.0 337.0 295.0 379.0 337.0 0.0
kreska_20230210-103852_295_379.png 286.0 381.0 333.5 295.0 379.0 337.0 -3.5
kreska_20230210-104024_295_379.png 298.0 382.0 340.0 295.0 379.0 337.0 3.0
kreska_20230210-104127_295_379.png 285.0 383.0 334.0 295.0 379.0 337.0 -3.0
kreska_20230210-104154_295_379.png 294.0 387.0 340.5 295.0 379.0 337.0 3.5
kreska_20230210-104239_295_379.png 288.0 390.0 339.0 295.0 379.0 337.0 2.0
kreska_20230210-104259_295_379.png 286.0 385.0 335.5 295.0 379.0 337.0 -1.5
kreska_20230210-104324_295_379.png 290.0 381.0 335.5 295.0 379.0 337.0 -1.5
kreska_20230210-104356_295_379.png 283.0 377.0 330.0 295.0 379.0 337.0 -7.0
kreska_20230210-104428_295_379.png 286.0 388.0 337.0 295.0 379.0 337.0 0.0
kreska_20230210-104548_295_379.png 285.0 386.0 335.5 295.0 379.0 337.0 -1.5
kreska_20230210-104615_295_379.png 289.0 385.0 337.0 295.0 379.0 337.0 0.0
kreska_20230210-104706_295_379.png 290.0 380.0 335.0 295.0 379.0 337.0 -2.0
kreska_20230210-104754_295_379.png 290.0 384.0 337.0 295.0 379.0 337.0 0.0
kreska_20230210-104822_295_379.png 289.0 377.0 333.0 295.0 379.0 337.0 -4.0
kreska_20230210-105013_295_379.png 289.0 393.0 341.0 295.0 379.0 337.0 4.0
kreska_20230210-105115_295_379.png 288.0 386.0 337.0 295.0 379.0 337.0 0.0
kreska_20230210-105214_295_379.png 290.0 389.0 339.5 295.0 379.0 337.0 2.5
kreska_20230210-105240_295_379.png 285.0 385.0 335.0 295.0 379.0 337.0 -2.0
kreska_20230210-105322_295_379.png 291.0 385.0 338.0 295.0 379.0 337.0 1.0
kreska_20230210-105404_295_379.png 291.0 384.0 337.5 295.0 379.0 337.0 0.5
kreska_20230210-105441_295_379.png 291.0 391.0 341.0 295.0 379.0 337.0 4.0
kreska_20230210-105504_295_379.png 295.0 395.0 345.0 295.0 379.0 337.0 8.0
kreska_20230210-105534_295_379.png 288.0 390.0 339.0 295.0 379.0 337.0 2.0
kreska_20230210-105609_295_379.png 282.0 386.0 334.0 295.0 379.0 337.0 -3.0
kreska_20230210-105649_295_379.png 289.0 381.0 335.0 295.0 379.0 337.0 -2.0
kreska_20230210-105722_295_379.png 299.0 381.0 340.0 295.0 379.0 337.0 3.0
kreska_20230210-105758_295_379.png 293.0 383.0 338.0 295.0 379.0 337.0 1.0
kreska_20230210-105825_295_379.png 289.0 380.0 334.5 295.0 379.0 337.0 -2.5
kreska_20230210-105854_295_379.png 292.0 384.0 338.0 295.0 379.0 337.0 1.0
kreska_20230210-105926_295_379.png 289.0 387.0 338.0 295.0 379.0 337.0 1.0
kreska_20230210-105957_295_379.png 293.0 385.0 339.0 295.0 379.0 337.0 2.0
kreska_20230210-110032_295_379.png 295.0 378.0 336.5 295.0 379.0 337.0 -0.5
kreska_20230210-110058_295_379.png 295.0 391.0 343.0 295.0 379.0 337.0 6.0
kreska_20230210-110139_295_379.png 293.0 386.0 339.5 295.0 379.0 337.0 2.5
kreska_20230210-110215_295_379.png 286.0 389.0 337.5 295.0 379.0 337.0 0.5
kreska_20230210-110239_295_379.png 296.0 394.0 345.0 295.0 379.0 337.0 8.0
kreska_20230210-110344_295_379.png 285.0 376.0 330.5 295.0 379.0 337.0 -6.5
kreska_20230210-110415_295_379.png 286.0 378.0 332.0 295.0 379.0 337.0 -5.0
kreska_20230210-110501_295_379.png 285.0 387.0 336.0 295.0 379.0 337.0 -1.0
kreska_20230210-110513_295_379.png 293.0 392.0 342.5 295.0 379.0 337.0 5.5
kreska_20230210-110549_295_379.png 291.0 386.0 338.5 295.0 379.0 337.0 1.5
kreska_20230210-110613_295_379.png 286.0 379.0 332.5 295.0 379.0 337.0 -4.5
kreska_20230210-110624_295_379.png 294.0 387.0 340.5 295.0 379.0 337.0 3.5
kreska_20230210-114330_292_376.png 281.0 383.0 332.0 292.0 376.0 334.0 -2.0
kreska_20230210-114357_292_376.png 287.0 376.0 331.5 292.0 376.0 334.0 -2.5
kreska_20230210-114446_292_376.png 276.0 381.0 328.5 292.0 376.0 334.0 -5.5
kreska_20230210-114521_292_376.png 299.0 376.0 337.5 292.0 376.0 334.0 3.5
kreska_20230210-114641_292_376.png 288.0 379.0 333.5 292.0 376.0 334.0 -0.5
kreska_20230210-114702_292_376.png 286.0 376.0 331.0 292.0 376.0 334.0 -3.0
kreska_20230210-114728_292_376.png 276.0 378.0 327.0 292.0 376.0 334.0 -7.0
kreska_20230210-114750_292_376.png 290.0 375.0 332.5 292.0 376.0 334.0 -1.5
kreska_20230210-114810_292_376.png 287.0 376.0 331.5 292.0 376.0 334.0 -2.5
kreska_20230210-114831_292_376.png 285.0 377.0 331.0 292.0 376.0 334.0 -3.0
kreska_20230210-115159_292_376.png 302.0 342.0 322.0 292.0 376.0 334.0 -12.0
kreska_20230210-115243_291_375.png 281.0 383.0 332.0 291.0 375.0 333.0 -1.0
kreska_20230210-115313_292_376.png 289.0 379.0 334.0 292.0 376.0 334.0 0.0
kreska_20230210-115352_292_376.png 280.0 385.0 332.5 292.0 376.0 334.0 -1.5
kreska_20230210-115425_292_376.png 286.0 376.0 331.0 292.0 376.0 334.0 -3.0
kreska_20230210-115442_292_376.png 294.0 382.0 338.0 292.0 376.0 334.0 4.0
kreska_20230210-115507_292_376.png 284.0 375.0 329.5 292.0 376.0 334.0 -4.5
kreska_20230210-115533_292_376.png 280.0 380.0 330.0 292.0 376.0 334.0 -4.0
kreska_20230210-115554_292_376.png 291.0 376.0 333.5 292.0 376.0 334.0 -0.5
kreska_20230210-115624_292_376.png 285.0 375.0 330.0 292.0 376.0 334.0 -4.0
kreska_20230210-115652_292_376.png 284.0 375.0 329.5 292.0 376.0 334.0 -4.5
kreska_20230210-115750_292_376.png 302.0 342.0 322.0 292.0 376.0 334.0 -12.0
kreska_20230210-115821_292_376.png 279.0 381.0 330.0 292.0 376.0 334.0 -4.0
kreska_20230210-115851_292_376.png 288.0 377.0 332.5 292.0 376.0 334.0 -1.5
kreska_20230210-115912_292_376.png 278.0 384.0 331.0 292.0 376.0 334.0 -3.0
kreska_20230210-115947_292_376.png 285.0 374.0 329.5 292.0 376.0 334.0 -4.5
kreska_20230210-120005_292_376.png 288.0 379.0 333.5 292.0 376.0 334.0 -0.5
kreska_20230210-120028_292_376.png 293.0 386.0 339.5 292.0 376.0 334.0 5.5
kreska_20230210-120054_292_376.png 283.0 382.0 332.5 292.0 376.0 334.0 -1.5
kreska_20230210-120133_292_376.png 293.0 378.0 335.5 292.0 376.0 334.0 1.5
kreska_20230210-120200_292_376.png 293.0 382.0 337.5 292.0 376.0 334.0 3.5
kreska_20230210-120221_292_376.png 285.0 375.0 330.0 292.0 376.0 334.0 -4.0
kreska_20230210-123549_260_344.png 256.0 346.0 301.0 260.0 344.0 302.0 -1.0
kreska_20230210-123600_260_344.png 257.0 348.0 302.5 260.0 344.0 302.0 0.5
kreska_20230210-123626_260_344.png 258.0 348.0 303.0 260.0 344.0 302.0 1.0
kreska_20230210-123651_260_344.png 258.0 348.0 303.0 260.0 344.0 302.0 1.0
kreska_20230210-123704_260_344.png 247.0 344.0 295.5 260.0 344.0 302.0 -6.5
kreska_20230210-123717_260_344.png 259.0 344.0 301.5 260.0 344.0 302.0 -0.5
kreska_20230210-123739_260_344.png 262.0 340.0 301.0 260.0 344.0 302.0 -1.0
kreska_20230210-123820_260_344.png 255.0 340.0 297.5 260.0 344.0 302.0 -4.5
kreska_20230210-123840_260_344.png 260.0 346.0 303.0 260.0 344.0 302.0 1.0
kreska_20230210-123855_260_344.png 260.0 345.0 302.5 260.0 344.0 302.0 0.5
kreska_20230210-124009_260_344.png 260.0 344.0 302.0 260.0 344.0 302.0 0.0
kreska_20230210-124050_260_344.png 259.0 336.0 297.5 260.0 344.0 302.0 -4.5
kreska_20230210-134955_260_344.png 255.0 354.0 304.5 260.0 344.0 302.0 2.5
kreska_20230210-135013_260_344.png 256.0 357.0 306.5 260.0 344.0 302.0 4.5
kreska_20230210-135043_260_344.png 254.0 353.0 303.5 260.0 344.0 302.0 1.5
kreska_20230210-135100_260_344.png 254.0 346.0 300.0 260.0 344.0 302.0 -2.0
kreska_20230210-135256_260_344.png 255.0 345.0 300.0 260.0 344.0 302.0 -2.0
kreska_20230210-135312_260_344.png 257.0 346.0 301.5 260.0 344.0 302.0 -0.5
kreska_20230210-135341_260_344.png 259.0 349.0 304.0 260.0 344.0 302.0 2.0
kreska_20230210-135350_260_344.png 258.0 350.0 304.0 260.0 344.0 302.0 2.0
kreska_20230210-135405_260_344.png 253.0 346.0 299.5 260.0 344.0 302.0 -2.5
kreska_20230210-135417_260_344.png 259.0 344.0 301.5 260.0 344.0 302.0 -0.5
kreska_20230210-135438_260_344.png 260.0 338.0 299.0 260.0 344.0 302.0 -3.0
kreska_20230210-135457_260_344.png 258.0 344.0 301.0 260.0 344.0 302.0 -1.0
kreska_20230210-135521_260_344.png 257.0 345.0 301.0 260.0 344.0 302.0 -1.0
kreska_20230210-135627_260_344.png 261.0 346.0 303.5 260.0 344.0 302.0 1.5
kreska_20230210-135648_260_344.png 251.0 345.0 298.0 260.0 344.0 302.0 -4.0
kreska_20230210-135729_260_344.png 258.0 339.0 298.5 260.0 344.0 302.0 -3.5
kreska_20230210-135753_260_344.png 262.0 340.0 301.0 260.0 344.0 302.0 -1.0
kreska_20230210-135823_260_344.png 260.0 358.0 309.0 260.0 344.0 302.0 7.0
kreska_20230210-135840_260_344.png 252.0 352.0 302.0 260.0 344.0 302.0 0.0
kreska_20230210-135857_260_344.png 255.0 353.0 304.0 260.0 344.0 302.0 2.0
kreska_20230210-135919_260_344.png 251.0 344.0 297.5 260.0 344.0 302.0 -4.5
kreska_20230210-140100_260_344.png 257.0 347.0 302.0 260.0 344.0 302.0 0.0
kreska_20230210-140116_260_344.png 251.0 341.0 296.0 260.0 344.0 302.0 -6.0
kreska_20230210-140129_260_344.png 254.0 343.0 298.5 260.0 344.0 302.0 -3.5
kreska_20230210-140201_260_344.png 258.0 349.0 303.5 260.0 344.0 302.0 1.5
kreska_20230210-140218_260_344.png 247.0 343.0 295.0 260.0 344.0 302.0 -7.0
kreska_20230210-140239_260_344.png 256.0 341.0 298.5 260.0 344.0 302.0 -3.5
kreska_20230210-140304_260_344.png 261.0 338.0 299.5 260.0 344.0 302.0 -2.5
kreska_20230210-140323_260_344.png 259.0 345.0 302.0 260.0 344.0 302.0 0.0
kreska_20230210-140341_260_344.png 256.0 344.0 300.0 260.0 344.0 302.0 -2.0
kreska_20230210-140408_260_344.png 255.0 339.0 297.0 260.0 344.0 302.0 -5.0
kreska_20230210-140447_260_344.png 257.0 351.0 304.0 260.0 344.0 302.0 2.0
kreska_20230210-140506_260_344.png 261.0 344.0 302.5 260.0 344.0 302.0 0.5
kreska_20230210-140521_260_344.png 257.0 334.0 295.5 260.0 344.0 302.0 -6.5
kreska_20230210-140538_260_344.png 256.0 355.0 305.5 260.0 344.0 302.0 3.5
kreska_20230210-140606_260_344.png 259.0 359.0 309.0 260.0 344.0 302.0 7.0
kreska_20230210-140620_260_344.png 261.0 357.0 309.0 260.0 344.0 302.0 7.0
kreska_20230210-140650_260_344.png 257.0 349.0 303.0 260.0 344.0 302.0 1.0
kreska_20230210-140713_260_344.png 260.0 348.0 304.0 260.0 344.0 302.0 2.0
kreska_20230210-142830_277_385.png 273.0 391.0 332.0 277.0 385.0 331.0 1.0
kreska_20230210-143029_277_385.png 283.0 392.0 337.5 277.0 385.0 331.0 6.5
kreska_20230210-143109_277_385.png 272.0 385.0 328.5 277.0 385.0 331.0 -2.5
kreska_20230210-143153_277_385.png 279.0 397.0 338.0 277.0 385.0 331.0 7.0
kreska_20230210-143223_277_385.png 274.0 385.0 329.5 277.0 385.0 331.0 -1.5
kreska_20230210-143413_277_385.png 282.0 391.0 336.5 277.0 385.0 331.0 5.5
kreska_20230210-143712_277_385.png 273.0 389.0 331.0 277.0 385.0 331.0 0.0
kreska_20230210-143746_277_385.png 283.0 392.0 337.5 277.0 385.0 331.0 6.5
kreska_20230210-143823_277_385.png 279.0 393.0 336.0 277.0 385.0 331.0 5.0
kreska_20230210-143910_277_385.png 277.0 393.0 335.0 277.0 385.0 331.0 4.0
kreska_20230210-143950_277_385.png 280.0 391.0 335.5 277.0 385.0 331.0 4.5
kreska_20230210-144032_277_385.png 282.0 399.0 340.5 277.0 385.0 331.0 9.5
kreska_20230210-144118_277_385.png 282.0 389.0 335.5 277.0 385.0 331.0 4.5
kreska_20230210-144329_277_385.png 272.0 388.0 330.0 277.0 385.0 331.0 -1.0
kreska_20230210-144439_277_385.png 276.0 386.0 331.0 277.0 385.0 331.0 0.0
kreska_20230210-144517_277_385.png 277.0 391.0 334.0 277.0 385.0 331.0 3.0
kreska_20230210-144610_277_385.png 274.0 391.0 332.5 277.0 385.0 331.0 1.5
kreska_20230210-144653_277_385.png 283.0 393.0 338.0 277.0 385.0 331.0 7.0
kreska_20230210-144736_277_385.png 281.0 398.0 339.5 277.0 385.0 331.0 8.5
kreska_20230210-151532_266_374.png 262.0 372.0 317.0 266.0 374.0 320.0 -3.0
kreska_20230210-151613_266_374.png 263.0 365.0 314.0 266.0 374.0 320.0 -6.0
kreska_20230210-151631_266_374.png 270.0 366.0 318.0 266.0 374.0 320.0 -2.0
kreska_20230210-151706_266_374.png 270.0 370.0 320.0 266.0 374.0 320.0 0.0
kreska_20230210-151721_266_374.png 269.0 373.0 321.0 266.0 374.0 320.0 1.0
kreska_20230210-151747_266_374.png 270.0 369.0 319.5 266.0 374.0 320.0 -0.5
kreska_20230210-151808_266_374.png 264.0 366.0 315.0 266.0 374.0 320.0 -5.0
kreska_20230210-151824_266_374.png 269.0 373.0 321.0 266.0 374.0 320.0 1.0
kreska_20230210-151837_266_374.png 267.0 382.0 324.5 266.0 374.0 320.0 4.5
kreska_20230210-151907_266_374.png 266.0 376.0 321.0 266.0 374.0 320.0 1.0
kreska_20230210-152021_266_374.png 268.0 371.0 319.5 266.0 374.0 320.0 -0.5
kreska_20230210-152041_266_374.png 268.0 371.0 319.5 266.0 374.0 320.0 -0.5
kreska_20230210-152121_266_374.png 264.0 369.0 316.5 266.0 374.0 320.0 -3.5
kreska_20230210-152143_266_374.png 268.0 373.0 320.5 266.0 374.0 320.0 0.5
kreska_20230210-152213_266_374.png 264.0 369.0 316.5 266.0 374.0 320.0 -3.5
kreska_20230210-152245_266_374.png 260.0 372.0 316.0 266.0 374.0 320.0 -4.0
kreska_20230210-152314_266_374.png 269.0 367.0 318.0 266.0 374.0 320.0 -2.0
kreska_20230210-152348_266_374.png 274.0 370.0 322.0 266.0 374.0 320.0 2.0
kreska_20230210-152419_266_374.png 270.0 372.0 321.0 266.0 374.0 320.0 1.0
kreska_20230210-152443_266_374.png 267.0 374.0 320.5 266.0 374.0 320.0 0.5
kreska_20230210-153949_266_374.png 264.0 369.0 316.5 266.0 374.0 320.0 -3.5
kreska_20230210-154107_266_374.png 270.0 365.0 317.5 266.0 374.0 320.0 -2.5
kreska_20230210-154125_266_374.png 270.0 369.0 319.5 266.0 374.0 320.0 -0.5
kreska_20230210-154149_266_374.png 266.0 374.0 320.0 266.0 374.0 320.0 0.0
kreska_20230210-154227_266_374.png 268.0 367.0 317.5 266.0 374.0 320.0 -2.5
kreska_20230210-154249_266_374.png 267.0 370.0 318.5 266.0 374.0 320.0 -1.5
kreska_20230210-154330_266_374.png 268.0 373.0 320.5 266.0 374.0 320.0 0.5
kreska_20230210-154401_266_374.png 268.0 382.0 325.0 266.0 374.0 320.0 5.0
kreska_20230210-154426_266_374.png 266.0 377.0 321.5 266.0 374.0 320.0 1.5
kreska_20230210-154444_266_374.png 261.0 370.0 315.5 266.0 374.0 320.0 -4.5
kreska_20230210-154502_266_374.png 267.0 371.0 319.0 266.0 374.0 320.0 -1.0
kreska_20230210-154539_266_374.png 267.0 369.0 318.0 266.0 374.0 320.0 -2.0
kreska_20230210-154604_266_374.png 267.0 369.0 318.0 266.0 374.0 320.0 -2.0
kreska_20230210-154635_266_374.png 266.0 371.0 318.5 266.0 374.0 320.0 -1.5
kreska_20230210-154710_266_374.png 269.0 374.0 321.5 266.0 374.0 320.0 1.5
kreska_20230210-154724_266_374.png 262.0 367.0 314.5 266.0 374.0 320.0 -5.5
kreska_20230210-154736_266_374.png 262.0 376.0 319.0 266.0 374.0 320.0 -1.0
kreska_20230210-154804_266_374.png 268.0 364.0 316.0 266.0 374.0 320.0 -4.0
kreska_20230210-154833_266_374.png 275.0 371.0 323.0 266.0 374.0 320.0 3.0
kreska_20230210-155001_266_374.png 266.0 368.0 317.0 266.0 374.0 320.0 -3.0
kreska_20230210-155038_266_374.png 267.0 371.0 319.0 266.0 374.0 320.0 -1.0
kreska_20230210-155252_261_369.png 258.0 366.0 312.0 261.0 369.0 315.0 -3.0
kreska_20230210-155329_266_374.png 263.0 374.0 318.5 266.0 374.0 320.0 -1.5
kreska_20230210-155437_266_374.png 273.0 369.0 321.0 266.0 374.0 320.0 1.0
kreska_20230210-155456_266_374.png 268.0 368.0 318.0 266.0 374.0 320.0 -2.0
kreska_20230210-155537_266_374.png 267.0 371.0 319.0 266.0 374.0 320.0 -1.0
kreska_20230210-155602_266_374.png 269.0 367.0 318.0 266.0 374.0 320.0 -2.0
kreska_20230210-155626_266_374.png 269.0 372.0 320.5 266.0 374.0 320.0 0.5
kreska_20230210-155709_266_374.png 266.0 371.0 318.5 266.0 374.0 320.0 -1.5
kreska_20230210-155727_266_374.png 259.0 375.0 317.0 266.0 374.0 320.0 -3.0
kreska_20230210-155829_266_374.png 264.0 375.0 319.5 266.0 374.0 320.0 -0.5
kreska_20230210-155850_266_374.png 264.0 373.0 318.5 266.0 374.0 320.0 -1.5
kreska_20230210-160410_266_374.png 270.0 374.0 322.0 266.0 374.0 320.0 2.0
kreska_20230210-160426_266_374.png 271.0 375.0 323.0 266.0 374.0 320.0 3.0
kreska_20230210-160448_266_374.png 268.0 374.0 321.0 266.0 374.0 320.0 1.0
kreska_20230210-160519_266_374.png 270.0 374.0 322.0 266.0 374.0 320.0 2.0
kreska_20230210-160555_266_374.png 260.0 366.0 313.0 266.0 374.0 320.0 -7.0
kreska_20230210-160616_266_374.png 260.0 378.0 319.0 266.0 374.0 320.0 -1.0
kreska_20230210-160638_266_374.png 276.0 373.0 324.5 266.0 374.0 320.0 4.5
kreska_20230210-160700_266_374.png 275.0 372.0 323.5 266.0 374.0 320.0 3.5
kreska_20230210-160804_266_374.png 269.0 371.0 320.0 266.0 374.0 320.0 0.0
kreska_20230406-135242_270_354.png 301.0 348.0 324.5 270.0 354.0 312.0 12.5
kreska_20230406-135304_270_354.png 272.0 354.0 313.0 270.0 354.0 312.0 1.0
kreska_20230406-135319_270_354.png 270.0 351.0 310.5 270.0 354.0 312.0 -1.5
kreska_20230406-135341_270_354.png 269.0 348.0 308.5 270.0 354.0 312.0 -3.5
kreska_20230406-135435_270_354.png 269.0 350.0 309.5 270.0 354.0 312.0 -2.5
kreska_20230406-135557_270_354.png 264.0 340.0 302.0 270.0 354.0 312.0 -10.0
kreska_20230406-135620_270_354.png 272.0 352.0 312.0 270.0 354.0 312.0 0.0
kreska_20230406-135644_270_354.png 270.0 351.0 310.5 270.0 354.0 312.0 -1.5
kreska_20230406-135659_270_354.png 269.0 354.0 311.5 270.0 354.0 312.0 -0.5
kreska_20230406-135712_270_354.png 278.0 348.0 313.0 270.0 354.0 312.0 1.0
kreska_20230406-135736_270_354.png 268.0 350.0 309.0 270.0 354.0 312.0 -3.0
kreska_20230406-135956_270_354.png 296.0 344.0 320.0 270.0 354.0 312.0 8.0
kreska_20230406-140016_270_354.png 269.0 350.0 309.5 270.0 354.0 312.0 -2.5
kreska_20230406-140037_270_354.png 272.0 350.0 311.0 270.0 354.0 312.0 -1.0
kreska_20230406-140204_270_354.png 270.0 351.0 310.5 270.0 354.0 312.0 -1.5
kreska_20230406-140230_270_354.png 274.0 355.0 314.5 270.0 354.0 312.0 2.5
kreska_20230406-140422_270_354.png 266.0 341.0 303.5 270.0 354.0 312.0 -8.5
kreska_20230406-140438_270_354.png 264.0 343.0 303.5 270.0 354.0 312.0 -8.5
kreska_20230406-140455_270_354.png 278.0 356.0 317.0 270.0 354.0 312.0 5.0
kreska_20230406-140551_270_354.png 275.0 354.0 314.5 270.0 354.0 312.0 2.5
kreska_20230406-140617_270_354.png 283.0 353.0 318.0 270.0 354.0 312.0 6.0
kreska_20230406-140630_270_354.png 260.0 343.0 301.5 270.0 354.0 312.0 -10.5
kreska_20230406-140834_270_354.png 297.0 344.0 320.5 270.0 354.0 312.0 8.5
kreska_20230406-140853_270_354.png 272.0 353.0 312.5 270.0 354.0 312.0 0.5
kreska_20230406-140904_270_354.png 279.0 355.0 317.0 270.0 354.0 312.0 5.0
kreska_20230406-140921_270_354.png 276.0 353.0 314.5 270.0 354.0 312.0 2.5
kreska_20230406-140941_270_354.png 270.0 350.0 310.0 270.0 354.0 312.0 -2.0
kreska_20230406-141011_270_354.png 277.0 351.0 314.0 270.0 354.0 312.0 2.0
kreska_20230406-141027_270_354.png 277.0 356.0 316.5 270.0 354.0 312.0 4.5
kreska_20230406-141047_270_354.png 277.0 356.0 316.5 270.0 354.0 312.0 4.5
kreska_20230406-141103_270_354.png 261.0 354.0 307.5 270.0 354.0 312.0 -4.5
kreska_20230406-141119_270_354.png 272.0 345.0 308.5 270.0 354.0 312.0 -3.5
kreska_20230406-154327_270_354.png 291.0 331.0 311.0 270.0 354.0 312.0 -1.0
kreska_20230406-154359_270_354.png 267.0 345.0 306.0 270.0 354.0 312.0 -6.0
kreska_20230406-154413_270_354.png 267.0 348.0 307.5 270.0 354.0 312.0 -4.5
kreska_20230406-154444_270_354.png 267.0 348.0 307.5 270.0 354.0 312.0 -4.5
kreska_20230406-154503_270_354.png 269.0 352.0 310.5 270.0 354.0 312.0 -1.5
kreska_20230406-154741_270_354.png 269.0 352.0 310.5 270.0 354.0 312.0 -1.5
kreska_20230406-154813_270_354.png 270.0 350.0 310.0 270.0 354.0 312.0 -2.0
kreska_20230406-154847_270_354.png 276.0 354.0 315.0 270.0 354.0 312.0 3.0
kreska_20230406-154905_270_354.png 267.0 351.0 309.0 270.0 354.0 312.0 -3.0
kreska_20230406-154923_270_354.png 274.0 351.0 312.5 270.0 354.0 312.0 0.5
kreska_20230406-154949_270_354.png 271.0 353.0 312.0 270.0 354.0 312.0 0.0
kreska_20230406-155014_270_354.png 295.0 334.0 314.5 270.0 354.0 312.0 2.5
kreska_20230406-155030_270_354.png 273.0 351.0 312.0 270.0 354.0 312.0 0.0
kreska_20230406-155055_270_354.png 266.0 348.0 307.0 270.0 354.0 312.0 -5.0
kreska_20230406-155124_270_354.png 272.0 354.0 313.0 270.0 354.0 312.0 1.0
kreska_20230406-155158_270_354.png 267.0 348.0 307.5 270.0 354.0 312.0 -4.5
kreska_20230406-155231_270_354.png 270.0 352.0 311.0 270.0 354.0 312.0 -1.0
kreska_20230406-155302_270_354.png 269.0 351.0 310.0 270.0 354.0 312.0 -2.0
kreska_20230406-155348_270_354.png 269.0 348.0 308.5 270.0 354.0 312.0 -3.5
kreska_20230406-160112_270_354.png 292.0 332.0 312.0 270.0 354.0 312.0 0.0
kreska_20230406-160145_270_354.png 269.0 346.0 307.5 270.0 354.0 312.0 -4.5
kreska_20230406-160203_270_354.png 275.0 356.0 315.5 270.0 354.0 312.0 3.5
kreska_20230406-160221_270_354.png 267.0 349.0 308.0 270.0 354.0 312.0 -4.0
kreska_20230406-160244_270_354.png 273.0 354.0 313.5 270.0 354.0 312.0 1.5
kreska_20230406-160307_270_354.png 267.0 349.0 308.0 270.0 354.0 312.0 -4.0
kreska_20230406-160340_270_354.png 269.0 350.0 309.5 270.0 354.0 312.0 -2.5
kreska_20230406-160746_270_354.png 270.0 348.0 309.0 270.0 354.0 312.0 -3.0
kreska_20230406-160805_270_354.png 267.0 350.0 308.5 270.0 354.0 312.0 -3.5
kreska_20230406-160836_270_354.png 274.0 353.0 313.5 270.0 354.0 312.0 1.5
kreska_20230406-161044_270_354.png 282.0 327.0 304.5 270.0 354.0 312.0 -7.5
kreska_20230406-161102_270_354.png 264.0 355.0 309.5 270.0 354.0 312.0 -2.5
kreska_20230406-161119_270_354.png 266.0 358.0 312.0 270.0 354.0 312.0 0.0
kreska_20230406-161138_270_354.png 273.0 362.0 317.5 270.0 354.0 312.0 5.5
kreska_20230406-161204_270_354.png 270.0 361.0 315.5 270.0 354.0 312.0 3.5
kreska_20230406-161248_270_354.png 273.0 363.0 318.0 270.0 354.0 312.0 6.0
kreska_20230406-161334_270_354.png 264.0 356.0 310.0 270.0 354.0 312.0 -2.0
kreska_20230406-161418_270_354.png 267.0 350.0 308.5 270.0 354.0 312.0 -3.5
kreska_20230406-161439_270_354.png 270.0 354.0 312.0 270.0 354.0 312.0 0.0
kreska_20230406-161457_270_354.png 269.0 352.0 310.5 270.0 354.0 312.0 -1.5
kreska_20230406-161527_270_354.png 283.0 329.0 306.0 270.0 354.0 312.0 -6.0
kreska_20230406-161543_270_354.png 276.0 363.0 319.5 270.0 354.0 312.0 7.5
kreska_20230406-161600_270_354.png 270.0 361.0 315.5 270.0 354.0 312.0 3.5
kreska_20230406-161622_270_354.png 270.0 361.0 315.5 270.0 354.0 312.0 3.5
kreska_20230406-161654_270_354.png 274.0 363.0 318.5 270.0 354.0 312.0 6.5
kreska_20230406-161715_270_354.png 273.0 363.0 318.0 270.0 354.0 312.0 6.0
kreska_20230406-161737_270_354.png 269.0 361.0 315.0 270.0 354.0 312.0 3.0
kreska_20230406-161806_270_354.png 268.0 359.0 313.5 270.0 354.0 312.0 1.5
kreska_20230406-161824_270_354.png 269.0 360.0 314.5 270.0 354.0 312.0 2.5
kreska_20230406-161856_270_354.png 271.0 353.0 312.0 270.0 354.0 312.0 0.0
kreska_20230406-161916_270_354.png 270.0 353.0 311.5 270.0 354.0 312.0 -0.5
kreska_20230406-161941_270_354.png 282.0 330.0 306.0 270.0 354.0 312.0 -6.0
kreska_20230406-162000_270_354.png 271.0 360.0 315.5 270.0 354.0 312.0 3.5
kreska_20230406-162012_270_354.png 271.0 361.0 316.0 270.0 354.0 312.0 4.0
kreska_20230406-162032_270_354.png 270.0 360.0 315.0 270.0 354.0 312.0 3.0
kreska_20230406-162103_270_354.png 271.0 362.0 316.5 270.0 354.0 312.0 4.5
kreska_20230406-162127_270_354.png 270.0 359.0 314.5 270.0 354.0 312.0 2.5
kreska_20230406-162152_270_354.png 269.0 360.0 314.5 270.0 354.0 312.0 2.5
kreska_20230406-162210_270_354.png 271.0 362.0 316.5 270.0 354.0 312.0 4.5
kreska_20230406-162233_270_354.png 271.0 356.0 313.5 270.0 354.0 312.0 1.5
kreska_20230406-162302_270_354.png 274.0 356.0 315.0 270.0 354.0 312.0 3.0
kreska_20230412-090120_270_354.png 268.0 359.0 313.5 270.0 354.0 312.0 1.5
kreska_20230412-090132_270_354.png 268.0 358.0 313.0 270.0 354.0 312.0 1.0
kreska_20230412-090143_270_354.png 272.0 362.0 317.0 270.0 354.0 312.0 5.0
kreska_20230412-090200_270_354.png 271.0 360.0 315.5 270.0 354.0 312.0 3.5
kreska_20230412-090234_270_354.png 273.0 359.0 316.0 270.0 354.0 312.0 4.0
kreska_20230412-090302_270_354.png 272.0 359.0 315.5 270.0 354.0 312.0 3.5
kreska_20230412-090336_270_354.png 274.0 360.0 317.0 270.0 354.0 312.0 5.0
kreska_20230412-090358_270_354.png 268.0 358.0 313.0 270.0 354.0 312.0 1.0
kreska_20230412-090439_270_354.png 274.0 360.0 317.0 270.0 354.0 312.0 5.0
kreska_20230412-090504_270_354.png 269.0 362.0 315.5 270.0 354.0 312.0 3.5
kreska_20230412-090811_270_354.png 274.0 361.0 317.5 270.0 354.0 312.0 5.5
kreska_20230412-090848_270_354.png 269.0 358.0 313.5 270.0 354.0 312.0 1.5
kreska_20230412-090907_270_354.png 271.0 358.0 314.5 270.0 354.0 312.0 2.5
kreska_20230412-090940_270_354.png 271.0 359.0 315.0 270.0 354.0 312.0 3.0
kreska_20230412-091001_270_354.png 269.0 359.0 314.0 270.0 354.0 312.0 2.0
kreska_20230412-091032_270_354.png 272.0 359.0 315.5 270.0 354.0 312.0 3.5
kreska_20230412-091051_270_354.png 265.0 359.0 312.0 270.0 354.0 312.0 0.0
kreska_20230412-091129_270_354.png 254.0 321.0 287.5 270.0 354.0 312.0 -24.5
kreska_20230412-091157_270_354.png 270.0 360.0 315.0 270.0 354.0 312.0 3.0
kreska_20230412-091218_270_354.png 268.0 359.0 313.5 270.0 354.0 312.0 1.5
kreska_20230412-091307_270_354.png 271.0 361.0 316.0 270.0 354.0 312.0 4.0
kreska_20230412-091339_270_354.png 272.0 360.0 316.0 270.0 354.0 312.0 4.0
kreska_20230412-091424_270_354.png 271.0 359.0 315.0 270.0 354.0 312.0 3.0
kreska_20230412-091448_270_354.png 274.0 360.0 317.0 270.0 354.0 312.0 5.0
kreska_20230412-091528_270_354.png 270.0 359.0 314.5 270.0 354.0 312.0 2.5
kreska_20230412-091607_270_354.png 272.0 360.0 316.0 270.0 354.0 312.0 4.0
kreska_20230412-091656_270_354.png 272.0 359.0 315.5 270.0 354.0 312.0 3.5
kreska_20230412-091715_270_354.png 266.0 360.0 313.0 270.0 354.0 312.0 1.0
kreska_20230412-103643_301_391.png 301.0 390.0 345.5 301.0 391.0 346.0 -0.5
kreska_20230412-103700_301_391.png 300.0 398.0 349.0 301.0 391.0 346.0 3.0
kreska_20230412-103718_301_391.png 303.0 389.0 346.0 301.0 391.0 346.0 0.0
kreska_20230412-103733_301_391.png 304.0 391.0 347.5 301.0 391.0 346.0 1.5
kreska_20230412-103752_301_391.png 305.0 393.0 349.0 301.0 391.0 346.0 3.0
kreska_20230412-103825_301_391.png 300.0 396.0 348.0 301.0 391.0 346.0 2.0
kreska_20230412-103912_301_391.png 302.0 398.0 350.0 301.0 391.0 346.0 4.0
kreska_20230412-103953_301_391.png 304.0 391.0 347.5 301.0 391.0 346.0 1.5
kreska_20230412-104032_301_391.png 299.0 390.0 344.5 301.0 391.0 346.0 -1.5
kreska_20230412-104118_301_391.png 297.0 356.0 326.5 301.0 391.0 346.0 -19.5
kreska_20230412-104154_301_391.png 308.0 392.0 350.0 301.0 391.0 346.0 4.0
kreska_20230412-104206_301_391.png 303.0 392.0 347.5 301.0 391.0 346.0 1.5
kreska_20230412-104220_301_391.png 301.0 397.0 349.0 301.0 391.0 346.0 3.0
kreska_20230412-104255_301_391.png 302.0 389.0 345.5 301.0 391.0 346.0 -0.5
kreska_20230412-104328_301_391.png 307.0 393.0 350.0 301.0 391.0 346.0 4.0
kreska_20230412-104355_301_391.png 304.0 393.0 348.5 301.0 391.0 346.0 2.5
kreska_20230412-104421_301_391.png 301.0 398.0 349.5 301.0 391.0 346.0 3.5
kreska_20230412-104447_301_391.png 301.0 397.0 349.0 301.0 391.0 346.0 3.0
kreska_20230412-104522_301_391.png 305.0 394.0 349.5 301.0 391.0 346.0 3.5
kreska_20230412-104606_301_391.png 303.0 394.0 348.5 301.0 391.0 346.0 2.5
kreska_20230412-104645_301_391.png 298.0 359.0 328.5 301.0 391.0 346.0 -17.5
kreska_20230412-104758_301_391.png 303.0 388.0 345.5 301.0 391.0 346.0 -0.5
kreska_20230412-104815_301_391.png 302.0 392.0 347.0 301.0 391.0 346.0 1.0
kreska_20230412-104913_301_391.png 304.0 400.0 352.0 301.0 391.0 346.0 6.0
kreska_20230412-104923_301_391.png 302.0 388.0 345.0 301.0 391.0 346.0 -1.0
kreska_20230412-104943_301_391.png 304.0 391.0 347.5 301.0 391.0 346.0 1.5
kreska_20230412-104954_301_391.png 302.0 390.0 346.0 301.0 391.0 346.0 0.0
kreska_20230412-105030_301_391.png 302.0 399.0 350.5 301.0 391.0 346.0 4.5
kreska_20230412-105053_301_391.png 297.0 392.0 344.5 301.0 391.0 346.0 -1.5
kreska_20230412-105122_301_391.png 305.0 394.0 349.5 301.0 391.0 346.0 3.5
kreska_20230412-105945_282_372.png 278.0 372.0 325.0 282.0 372.0 327.0 -2.0
kreska_20230412-110010_282_372.png 281.0 370.0 325.5 282.0 372.0 327.0 -1.5
kreska_20230412-110038_282_372.png 284.0 376.0 330.0 282.0 372.0 327.0 3.0
kreska_20230412-110058_282_372.png 284.0 372.0 328.0 282.0 372.0 327.0 1.0
kreska_20230412-110125_282_372.png 274.0 370.0 322.0 282.0 372.0 327.0 -5.0
kreska_20230412-110157_282_372.png 284.0 374.0 329.0 282.0 372.0 327.0 2.0
kreska_20230412-110216_282_372.png 284.0 373.0 328.5 282.0 372.0 327.0 1.5
kreska_20230412-110246_282_372.png 282.0 373.0 327.5 282.0 372.0 327.0 0.5
kreska_20230412-110318_282_372.png 277.0 371.0 324.0 282.0 372.0 327.0 -3.0
kreska_20230412-110345_282_372.png 281.0 376.0 328.5 282.0 372.0 327.0 1.5
kreska_20230412-110408_282_372.png 280.0 374.0 327.0 282.0 372.0 327.0 0.0
kreska_20230412-110428_282_372.png 280.0 369.0 324.5 282.0 372.0 327.0 -2.5
kreska_20230412-110439_282_372.png 281.0 372.0 326.5 282.0 372.0 327.0 -0.5
kreska_20230412-110506_282_372.png 285.0 368.0 326.5 282.0 372.0 327.0 -0.5
kreska_20230412-110534_282_372.png 278.0 372.0 325.0 282.0 372.0 327.0 -2.0
kreska_20230412-110545_282_372.png 279.0 374.0 326.5 282.0 372.0 327.0 -0.5
kreska_20230412-110606_282_372.png 279.0 375.0 327.0 282.0 372.0 327.0 0.0
kreska_20230412-110633_282_372.png 282.0 373.0 327.5 282.0 372.0 327.0 0.5
kreska_20230412-110706_282_372.png 274.0 377.0 325.5 282.0 372.0 327.0 -1.5
kreska_20230412-110819_282_372.png 283.0 372.0 327.5 282.0 372.0 327.0 0.5
kreska_20230412-111021_282_372.png 283.0 376.0 329.5 282.0 372.0 327.0 2.5
kreska_20230412-111040_282_372.png 277.0 372.0 324.5 282.0 372.0 327.0 -2.5
kreska_20230412-111119_282_372.png 281.0 370.0 325.5 282.0 372.0 327.0 -1.5
kreska_20230412-111134_282_372.png 280.0 371.0 325.5 282.0 372.0 327.0 -1.5
kreska_20230412-111219_282_372.png 284.0 362.0 323.0 282.0 372.0 327.0 -4.0
kreska_20230412-111246_282_372.png 275.0 370.0 322.5 282.0 372.0 327.0 -4.5
kreska_20230412-111313_282_372.png 283.0 372.0 327.5 282.0 372.0 327.0 0.5
kreska_20230412-111324_282_372.png 290.0 376.0 333.0 282.0 372.0 327.0 6.0
kreska_20230412-111344_282_372.png 281.0 371.0 326.0 282.0 372.0 327.0 -1.0
kreska_20230412-111412_282_372.png 276.0 371.0 323.5 282.0 372.0 327.0 -3.5
kreska_20230412-111432_282_372.png 284.0 378.0 331.0 282.0 372.0 327.0 4.0
kreska_20230412-111451_282_372.png 285.0 377.0 331.0 282.0 372.0 327.0 4.0
kreska_20230412-111537_282_372.png 279.0 368.0 323.5 282.0 372.0 327.0 -3.5
kreska_20230412-111605_282_372.png 284.0 367.0 325.5 282.0 372.0 327.0 -1.5
kreska_20230412-111633_282_372.png 281.0 374.0 327.5 282.0 372.0 327.0 0.5
kreska_20230412-111650_282_372.png 283.0 375.0 329.0 282.0 372.0 327.0 2.0
kreska_20230412-111717_282_372.png 281.0 375.0 328.0 282.0 372.0 327.0 1.0
kreska_20230412-111735_282_372.png 278.0 373.0 325.5 282.0 372.0 327.0 -1.5
kreska_20230412-111807_282_372.png 272.0 382.0 327.0 282.0 372.0 327.0 0.0
kreska_20230412-111928_282_372.png 284.0 372.0 328.0 282.0 372.0 327.0 1.0
kreska_20230412-112009_282_372.png 278.0 374.0 326.0 282.0 372.0 327.0 -1.0
kreska_20230412-112031_282_372.png 281.0 370.0 325.5 282.0 372.0 327.0 -1.5
kreska_20230412-112104_282_372.png 285.0 376.0 330.5 282.0 372.0 327.0 3.5
kreska_20230412-112158_282_372.png 287.0 373.0 330.0 282.0 372.0 327.0 3.0
kreska_20230412-112225_282_372.png 273.0 369.0 321.0 282.0 372.0 327.0 -6.0
kreska_20230412-112251_282_372.png 285.0 375.0 330.0 282.0 372.0 327.0 3.0
kreska_20230412-112305_282_372.png 280.0 368.0 324.0 282.0 372.0 327.0 -3.0
kreska_20230412-112324_282_372.png 284.0 374.0 329.0 282.0 372.0 327.0 2.0
kreska_20230412-112336_282_372.png 278.0 372.0 325.0 282.0 372.0 327.0 -2.0
kreska_20230412-112353_282_372.png 282.0 376.0 329.0 282.0 372.0 327.0 2.0
kreska_20230412-112417_282_372.png 283.0 375.0 329.0 282.0 372.0 327.0 2.0
kreska_20230412-112436_282_372.png 278.0 364.0 321.0 282.0 372.0 327.0 -6.0
kreska_20230412-112508_282_372.png 281.0 370.0 325.5 282.0 372.0 327.0 -1.5
kreska_20230412-112528_282_372.png 286.0 370.0 328.0 282.0 372.0 327.0 1.0
kreska_20230412-112544_282_372.png 278.0 371.0 324.5 282.0 372.0 327.0 -2.5
kreska_20230412-112616_282_372.png 281.0 373.0 327.0 282.0 372.0 327.0 0.0
kreska_20230412-112703_282_372.png 279.0 371.0 325.0 282.0 372.0 327.0 -2.0
kreska_20230412-112729_282_372.png 269.0 376.0 322.5 282.0 372.0 327.0 -4.5
kreska_20230412-114102_294_372.png 307.0 360.0 333.5 294.0 372.0 333.0 0.5
kreska_20230412-114128_294_372.png 309.0 362.0 335.5 294.0 372.0 333.0 2.5
kreska_20230412-114147_294_372.png 308.0 364.0 336.0 294.0 372.0 333.0 3.0
kreska_20230412-114203_294_372.png 314.0 368.0 341.0 294.0 372.0 333.0 8.0
kreska_20230412-114309_294_372.png 310.0 367.0 338.5 294.0 372.0 333.0 5.5
kreska_20230412-114321_294_372.png 300.0 377.0 338.5 294.0 372.0 333.0 5.5
kreska_20230412-114350_294_372.png 290.0 377.0 333.5 294.0 372.0 333.0 0.5
kreska_20230412-114404_294_372.png 295.0 374.0 334.5 294.0 372.0 333.0 1.5
kreska_20230412-114440_294_372.png 290.0 368.0 329.0 294.0 372.0 333.0 -4.0
kreska_20230412-114452_294_372.png 303.0 371.0 337.0 294.0 372.0 333.0 4.0
kreska_20230412-114551_294_372.png 306.0 358.0 332.0 294.0 372.0 333.0 -1.0
kreska_20230412-114610_294_372.png 307.0 360.0 333.5 294.0 372.0 333.0 0.5
kreska_20230412-114658_294_372.png 311.0 373.0 342.0 294.0 372.0 333.0 9.0
kreska_20230412-114737_294_372.png 308.0 361.0 334.5 294.0 372.0 333.0 1.5
kreska_20230412-114812_294_372.png 310.0 367.0 338.5 294.0 372.0 333.0 5.5
kreska_20230412-114833_294_372.png 297.0 373.0 335.0 294.0 372.0 333.0 2.0
kreska_20230412-114851_294_372.png 288.0 375.0 331.5 294.0 372.0 333.0 -1.5
kreska_20230412-114929_294_372.png 296.0 376.0 336.0 294.0 372.0 333.0 3.0
kreska_20230412-115018_294_372.png 302.0 366.0 334.0 294.0 372.0 333.0 1.0
kreska_20230412-115204_294_372.png 305.0 358.0 331.5 294.0 372.0 333.0 -1.5
kreska_20230412-115223_294_372.png 312.0 366.0 339.0 294.0 372.0 333.0 6.0
kreska_20230412-115245_294_372.png 308.0 364.0 336.0 294.0 372.0 333.0 3.0
kreska_20230412-115315_294_372.png 308.0 362.0 335.0 294.0 372.0 333.0 2.0
kreska_20230412-115341_294_372.png 306.0 362.0 334.0 294.0 372.0 333.0 1.0
kreska_20230412-115416_294_372.png 293.0 369.0 331.0 294.0 372.0 333.0 -2.0
kreska_20230412-115443_294_372.png 288.0 377.0 332.5 294.0 372.0 333.0 -0.5
kreska_20230412-115528_294_372.png 296.0 374.0 335.0 294.0 372.0 333.0 2.0
kreska_20230412-115605_294_372.png 288.0 366.0 327.0 294.0 372.0 333.0 -6.0
kreska_20230412-120121_294_372.png 309.0 362.0 335.5 294.0 372.0 333.0 2.5
kreska_20230412-120157_294_372.png 307.0 362.0 334.5 294.0 372.0 333.0 1.5
kreska_20230412-120225_294_372.png 306.0 362.0 334.0 294.0 372.0 333.0 1.0
kreska_20230412-120240_294_372.png 305.0 361.0 333.0 294.0 372.0 333.0 0.0
kreska_20230412-120302_294_372.png 307.0 363.0 335.0 294.0 372.0 333.0 2.0
kreska_20230412-120321_294_372.png 300.0 378.0 339.0 294.0 372.0 333.0 6.0
kreska_20230412-120338_294_372.png 288.0 377.0 332.5 294.0 372.0 333.0 -0.5
kreska_20230412-120409_294_372.png 296.0 375.0 335.5 294.0 372.0 333.0 2.5
kreska_20230412-120427_294_372.png 291.0 369.0 330.0 294.0 372.0 333.0 -3.0
kreska_20230412-120447_294_372.png 298.0 364.0 331.0 294.0 372.0 333.0 -2.0
kreska_20230412-120516_294_372.png 300.0 363.0 331.5 294.0 372.0 333.0 -1.5
kreska_20230412-120538_294_372.png 302.0 365.0 333.5 294.0 372.0 333.0 0.5
kreska_20230412-120602_294_372.png 303.0 368.0 335.5 294.0 372.0 333.0 2.5
kreska_20230412-120637_294_372.png 299.0 367.0 333.0 294.0 372.0 333.0 0.0
kreska_20230412-120811_294_372.png 302.0 363.0 332.5 294.0 372.0 333.0 -0.5
kreska_20230412-120843_294_372.png 306.0 361.0 333.5 294.0 372.0 333.0 0.5
kreska_20230412-120946_294_372.png 302.0 363.0 332.5 294.0 372.0 333.0 -0.5
kreska_20230412-121015_294_372.png 304.0 364.0 334.0 294.0 372.0 333.0 1.0
kreska_20230412-121107_294_372.png 308.0 367.0 337.5 294.0 372.0 333.0 4.5
kreska_20230412-121138_294_372.png 311.0 367.0 339.0 294.0 372.0 333.0 6.0
kreska_20230412-121311_294_372.png 303.0 355.0 329.0 294.0 372.0 333.0 -4.0
kreska_20230412-121337_294_372.png 309.0 363.0 336.0 294.0 372.0 333.0 3.0
kreska_20230412-121406_294_372.png 310.0 364.0 337.0 294.0 372.0 333.0 4.0
kreska_20230412-121433_294_372.png 311.0 364.0 337.5 294.0 372.0 333.0 4.5
kreska_20230412-121511_294_372.png 310.0 365.0 337.5 294.0 372.0 333.0 4.5
kreska_20230412-121548_294_372.png 296.0 372.0 334.0 294.0 372.0 333.0 1.0
kreska_20230412-121627_294_372.png 289.0 377.0 333.0 294.0 372.0 333.0 0.0
kreska_20230412-121647_294_372.png 295.0 374.0 334.5 294.0 372.0 333.0 1.5
kreska_20230412-121738_294_372.png 292.0 369.0 330.5 294.0 372.0 333.0 -2.5
kreska_20230412-121755_294_372.png 301.0 368.0 334.5 294.0 372.0 333.0 1.5
kreska_20230412-121823_294_372.png 301.0 369.0 335.0 294.0 372.0 333.0 2.0
kreska_20230412-121847_294_372.png 300.0 375.0 337.5 294.0 372.0 333.0 4.5
kreska_20230412-121925_294_372.png 300.0 368.0 334.0 294.0 372.0 333.0 1.0
kreska_20230412-122011_294_372.png 302.0 363.0 332.5 294.0 372.0 333.0 -0.5
kreska_20230412-122052_294_372.png 307.0 362.0 334.5 294.0 372.0 333.0 1.5
kreska_20230412-122126_294_372.png 302.0 362.0 332.0 294.0 372.0 333.0 -1.0
kreska_20230412-122147_294_372.png 304.0 364.0 334.0 294.0 372.0 333.0 1.0
kreska_20230412-122216_294_372.png 303.0 362.0 332.5 294.0 372.0 333.0 -0.5
kreska_20230412-122231_294_372.png 307.0 367.0 337.0 294.0 372.0 333.0 4.0
kreska_20230412-122443_294_372.png 308.0 360.0 334.0 294.0 372.0 333.0 1.0
kreska_20230412-122502_294_372.png 305.0 361.0 333.0 294.0 372.0 333.0 0.0
kreska_20230412-122514_294_372.png 305.0 361.0 333.0 294.0 372.0 333.0 0.0
kreska_20230412-122528_294_372.png 311.0 364.0 337.5 294.0 372.0 333.0 4.5
kreska_20230412-122537_294_372.png 306.0 362.0 334.0 294.0 372.0 333.0 1.0
kreska_20230412-122554_294_372.png 300.0 376.0 338.0 294.0 372.0 333.0 5.0
kreska_20230412-122615_294_372.png 287.0 377.0 332.0 294.0 372.0 333.0 -1.0
kreska_20230412-122637_294_372.png 296.0 375.0 335.5 294.0 372.0 333.0 2.5
kreska_20230412-122710_294_372.png 290.0 369.0 329.5 294.0 372.0 333.0 -3.5
kreska_20230412-122728_294_372.png 300.0 365.0 332.5 294.0 372.0 333.0 -0.5
kreska_20230412-122812_294_372.png 303.0 365.0 334.0 294.0 372.0 333.0 1.0
kreska_20230412-122832_294_372.png 299.0 368.0 333.5 294.0 372.0 333.0 0.5
kreska_20230412-122912_294_372.png 300.0 376.0 338.0 294.0 372.0 333.0 5.0
kreska_20230412-123006_294_372.png 306.0 366.0 336.0 294.0 372.0 333.0 3.0
kreska_20230412-123034_294_372.png 307.0 361.0 334.0 294.0 372.0 333.0 1.0
kreska_20230412-123121_294_372.png 300.0 361.0 330.5 294.0 372.0 333.0 -2.5
kreska_20230412-123150_294_372.png 306.0 363.0 334.5 294.0 372.0 333.0 1.5
kreska_20230412-124056_278_356.png 284.0 363.0 323.5 278.0 356.0 317.0 6.5
kreska_20230412-124113_278_356.png 278.0 357.0 317.5 278.0 356.0 317.0 0.5
kreska_20230412-124123_278_356.png 272.0 353.0 312.5 278.0 356.0 317.0 -4.5
kreska_20230412-124133_278_356.png 285.0 359.0 322.0 278.0 356.0 317.0 5.0
kreska_20230412-124151_278_356.png 283.0 357.0 320.0 278.0 356.0 317.0 3.0
kreska_20230412-124216_278_356.png 288.0 355.0 321.5 278.0 356.0 317.0 4.5
kreska_20230412-124322_278_356.png 283.0 360.0 321.5 278.0 356.0 317.0 4.5
kreska_20230412-124337_278_356.png 281.0 358.0 319.5 278.0 356.0 317.0 2.5
kreska_20230412-124416_278_356.png 287.0 353.0 320.0 278.0 356.0 317.0 3.0
kreska_20230412-124442_278_356.png 284.0 349.0 316.5 278.0 356.0 317.0 -0.5
kreska_20230412-124500_278_356.png 285.0 352.0 318.5 278.0 356.0 317.0 1.5
kreska_20230412-124518_278_356.png 293.0 355.0 324.0 278.0 356.0 317.0 7.0
kreska_20230412-124529_278_356.png 282.0 354.0 318.0 278.0 356.0 317.0 1.0
kreska_20230412-145215_278_356.png 287.0 349.0 318.0 278.0 356.0 317.0 1.0
kreska_20230412-145248_278_356.png 286.0 354.0 320.0 278.0 356.0 317.0 3.0
kreska_20230412-145355_278_356.png 284.0 356.0 320.0 278.0 356.0 317.0 3.0
kreska_20230412-145431_278_356.png 276.0 360.0 318.0 278.0 356.0 317.0 1.0
kreska_20230412-145500_278_356.png 277.0 356.0 316.5 278.0 356.0 317.0 -0.5
kreska_20230412-145540_278_356.png 280.0 361.0 320.5 278.0 356.0 317.0 3.5
kreska_20230412-145606_278_356.png 281.0 361.0 321.0 278.0 356.0 317.0 4.0
kreska_20230412-145621_278_356.png 283.0 362.0 322.5 278.0 356.0 317.0 5.5
kreska_20230412-145637_278_356.png 279.0 358.0 318.5 278.0 356.0 317.0 1.5
kreska_20230412-145700_278_356.png 280.0 360.0 320.0 278.0 356.0 317.0 3.0
kreska_20230412-145744_278_356.png 283.0 357.0 320.0 278.0 356.0 317.0 3.0
kreska_20230412-145812_278_356.png 282.0 357.0 319.5 278.0 356.0 317.0 2.5
kreska_20230412-145850_278_356.png 287.0 355.0 321.0 278.0 356.0 317.0 4.0
kreska_20230412-145906_278_356.png 284.0 350.0 317.0 278.0 356.0 317.0 0.0
kreska_20230412-145928_278_356.png 280.0 357.0 318.5 278.0 356.0 317.0 1.5
kreska_20230412-145954_278_356.png 285.0 356.0 320.5 278.0 356.0 317.0 3.5
kreska_20230412-150029_278_356.png 288.0 355.0 321.5 278.0 356.0 317.0 4.5
kreska_20230412-150109_278_356.png 290.0 353.0 321.5 278.0 356.0 317.0 4.5
kreska_20230412-150142_278_356.png 283.0 351.0 317.0 278.0 356.0 317.0 0.0
kreska_20230412-150201_278_356.png 287.0 350.0 318.5 278.0 356.0 317.0 1.5
kreska_20230412-150221_278_356.png 282.0 354.0 318.0 278.0 356.0 317.0 1.0
kreska_20230412-150258_278_356.png 286.0 349.0 317.5 278.0 356.0 317.0 0.5
kreska_20230412-150323_278_356.png 285.0 352.0 318.5 278.0 356.0 317.0 1.5
kreska_20230412-150459_278_356.png 281.0 351.0 316.0 278.0 356.0 317.0 -1.0
kreska_20230412-150533_278_356.png 276.0 360.0 318.0 278.0 356.0 317.0 1.0
kreska_20230412-150549_278_356.png 277.0 356.0 316.5 278.0 356.0 317.0 -0.5
kreska_20230412-150602_278_356.png 282.0 362.0 322.0 278.0 356.0 317.0 5.0
kreska_20230412-150646_278_356.png 282.0 362.0 322.0 278.0 356.0 317.0 5.0
kreska_20230412-150712_278_356.png 284.0 363.0 323.5 278.0 356.0 317.0 6.5
kreska_20230412-150731_278_356.png 278.0 357.0 317.5 278.0 356.0 317.0 0.5
kreska_20230412-150746_278_356.png 277.0 357.0 317.0 278.0 356.0 317.0 0.0
kreska_20230412-150758_278_356.png 280.0 353.0 316.5 278.0 356.0 317.0 -0.5
kreska_20230412-150822_278_356.png 282.0 357.0 319.5 278.0 356.0 317.0 2.5
kreska_20230412-150837_278_356.png 285.0 354.0 319.5 278.0 356.0 317.0 2.5
kreska_20230412-150853_278_356.png 283.0 351.0 317.0 278.0 356.0 317.0 0.0
kreska_20230412-150911_278_356.png 278.0 356.0 317.0 278.0 356.0 317.0 0.0
kreska_20230412-150934_278_356.png 284.0 362.0 323.0 278.0 356.0 317.0 6.0
kreska_20230412-151010_278_356.png 289.0 356.0 322.5 278.0 356.0 317.0 5.5
kreska_20230412-151033_278_356.png 289.0 351.0 320.0 278.0 356.0 317.0 3.0
kreska_20230412-151045_278_356.png 287.0 354.0 320.5 278.0 356.0 317.0 3.5
kreska_20230412-151058_278_356.png 288.0 352.0 320.0 278.0 356.0 317.0 3.0
kreska_20230412-151129_278_356.png 283.0 356.0 319.5 278.0 356.0 317.0 2.5
kreska_20230412-151207_278_356.png 291.0 355.0 323.0 278.0 356.0 317.0 6.0
kreska_20230413-090707_278_377.png 277.0 377.0 327.0 278.0 377.0 327.5 -0.5
kreska_20230413-093056_278_377.png 275.0 374.0 324.5 278.0 377.0 327.5 -3.0
kreska_20230413-093326_278_377.png 283.0 368.0 325.5 278.0 377.0 327.5 -2.0
kreska_20230413-093602_278_377.png 276.0 375.0 325.5 278.0 377.0 327.5 -2.0
kreska_20230413-093804_278_377.png 282.0 366.0 324.0 278.0 377.0 327.5 -3.5
kreska_20230413-100749_278_377.png 272.0 382.0 327.0 278.0 377.0 327.5 -0.5
kreska_20230413-100826_278_377.png 269.0 378.0 323.5 278.0 377.0 327.5 -4.0
kreska_20230413-100911_278_377.png 274.0 382.0 328.0 278.0 377.0 327.5 0.5
kreska_20230413-101309_278_377.png 280.0 381.0 330.5 278.0 377.0 327.5 3.0
kreska_20230413-101336_278_377.png 276.0 384.0 330.0 278.0 377.0 327.5 2.5
kreska_20230413-101357_278_377.png 277.0 387.0 332.0 278.0 377.0 327.5 4.5
kreska_20230413-101418_278_377.png 273.0 383.0 328.0 278.0 377.0 327.5 0.5
kreska_20230413-101435_278_377.png 266.0 380.0 323.0 278.0 377.0 327.5 -4.5
kreska_20230413-101452_278_377.png 273.0 382.0 327.5 278.0 377.0 327.5 0.0
kreska_20230413-101509_278_377.png 271.0 380.0 325.5 278.0 377.0 327.5 -2.0
kreska_20230413-101533_278_377.png 271.0 379.0 325.0 278.0 377.0 327.5 -2.5
kreska_20230413-101553_278_377.png 275.0 380.0 327.5 278.0 377.0 327.5 0.0
kreska_20230413-101608_278_377.png 276.0 385.0 330.5 278.0 377.0 327.5 3.0
kreska_20230413-101648_278_377.png 266.0 378.0 322.0 278.0 377.0 327.5 -5.5
kreska_20230413-101711_278_377.png 274.0 380.0 327.0 278.0 377.0 327.5 -0.5
kreska_20230413-101743_278_377.png 272.0 381.0 326.5 278.0 377.0 327.5 -1.0
kreska_20230413-101812_278_377.png 276.0 387.0 331.5 278.0 377.0 327.5 4.0
kreska_20230413-101843_278_377.png 276.0 385.0 330.5 278.0 377.0 327.5 3.0
kreska_20230413-101900_278_377.png 266.0 379.0 322.5 278.0 377.0 327.5 -5.0
kreska_20230413-101919_278_377.png 273.0 380.0 326.5 278.0 377.0 327.5 -1.0
kreska_20230413-101940_278_377.png 275.0 383.0 329.0 278.0 377.0 327.5 1.5
kreska_20230413-102001_278_377.png 269.0 382.0 325.5 278.0 377.0 327.5 -2.0
kreska_20230413-102024_278_377.png 266.0 378.0 322.0 278.0 377.0 327.5 -5.5
kreska_20230413-102053_278_377.png 270.0 380.0 325.0 278.0 377.0 327.5 -2.5
kreska_20230413-102126_278_377.png 267.0 380.0 323.5 278.0 377.0 327.5 -4.0
kreska_20230413-102212_278_377.png 273.0 383.0 328.0 278.0 377.0 327.5 0.5
kreska_20230413-102242_278_377.png 273.0 382.0 327.5 278.0 377.0 327.5 0.0
kreska_20230413-102305_278_377.png 271.0 381.0 326.0 278.0 377.0 327.5 -1.5
kreska_20230413-102332_278_377.png 268.0 377.0 322.5 278.0 377.0 327.5 -5.0
kreska_20230413-102353_278_377.png 272.0 378.0 325.0 278.0 377.0 327.5 -2.5
kreska_20230413-102438_278_377.png 271.0 380.0 325.5 278.0 377.0 327.5 -2.0
kreska_20230413-102506_278_377.png 279.0 387.0 333.0 278.0 377.0 327.5 5.5
kreska_20230413-102523_278_377.png 268.0 378.0 323.0 278.0 377.0 327.5 -4.5
kreska_20230413-102551_278_377.png 269.0 386.0 327.5 278.0 377.0 327.5 0.0
kreska_20230413-102703_278_377.png 270.0 377.0 323.5 278.0 377.0 327.5 -4.0
kreska_20230413-102743_278_377.png 271.0 377.0 324.0 278.0 377.0 327.5 -3.5
kreska_20230413-102815_278_377.png 276.0 377.0 326.5 278.0 377.0 327.5 -1.0
kreska_20230413-102846_278_377.png 269.0 382.0 325.5 278.0 377.0 327.5 -2.0
kreska_20230413-102922_278_377.png 274.0 380.0 327.0 278.0 377.0 327.5 -0.5
kreska_20230413-103241_274_380.png 279.0 381.0 330.0 274.0 380.0 327.0 3.0
kreska_20230413-103341_274_380.png 281.0 387.0 334.0 274.0 380.0 327.0 7.0
kreska_20230413-103409_274_380.png 273.0 382.0 327.5 274.0 380.0 327.0 0.5
kreska_20230413-103436_274_380.png 273.0 383.0 328.0 274.0 380.0 327.0 1.0
kreska_20230413-103501_274_380.png 266.0 382.0 324.0 274.0 380.0 327.0 -3.0
kreska_20230413-103525_274_380.png 272.0 381.0 326.5 274.0 380.0 327.0 -0.5
kreska_20230413-103550_274_380.png 272.0 383.0 327.5 274.0 380.0 327.0 0.5
kreska_20230413-103642_274_380.png 271.0 379.0 325.0 274.0 380.0 327.0 -2.0
kreska_20230413-103726_274_380.png 278.0 382.0 330.0 274.0 380.0 327.0 3.0
kreska_20230413-103811_274_380.png 277.0 384.0 330.5 274.0 380.0 327.0 3.5
kreska_20230413-103843_274_380.png 273.0 384.0 328.5 274.0 380.0 327.0 1.5
kreska_20230413-103905_274_380.png 271.0 377.0 324.0 274.0 380.0 327.0 -3.0
kreska_20230413-103950_274_380.png 270.0 379.0 324.5 274.0 380.0 327.0 -2.5
kreska_20230413-104046_274_380.png 268.0 380.0 324.0 274.0 380.0 327.0 -3.0
kreska_20230413-104116_274_380.png 268.0 380.0 324.0 274.0 380.0 327.0 -3.0
kreska_20230413-104155_274_380.png 272.0 379.0 325.5 274.0 380.0 327.0 -1.5
kreska_20230413-104250_274_380.png 278.0 385.0 331.5 274.0 380.0 327.0 4.5
kreska_20230413-105636_274_380.png 268.0 381.0 324.5 274.0 380.0 327.0 -2.5
kreska_20230413-105657_274_380.png 275.0 382.0 328.5 274.0 380.0 327.0 1.5
kreska_20230413-105728_274_380.png 272.0 384.0 328.0 274.0 380.0 327.0 1.0
kreska_20230413-105755_274_380.png 268.0 380.0 324.0 274.0 380.0 327.0 -3.0
kreska_20230413-105831_274_380.png 271.0 376.0 323.5 274.0 380.0 327.0 -3.5
kreska_20230413-105852_274_380.png 273.0 382.0 327.5 274.0 380.0 327.0 0.5
kreska_20230413-105919_274_380.png 271.0 381.0 326.0 274.0 380.0 327.0 -1.0
kreska_20230413-105939_274_380.png 268.0 379.0 323.5 274.0 380.0 327.0 -3.5
kreska_20230413-105958_274_380.png 272.0 379.0 325.5 274.0 380.0 327.0 -1.5
kreska_20230413-110032_274_380.png 271.0 378.0 324.5 274.0 380.0 327.0 -2.5
kreska_20230413-110048_274_380.png 274.0 383.0 328.5 274.0 380.0 327.0 1.5
kreska_20230413-110119_274_380.png 275.0 385.0 330.0 274.0 380.0 327.0 3.0
kreska_20230413-110153_274_380.png 268.0 379.0 323.5 274.0 380.0 327.0 -3.5
kreska_20230413-110230_274_380.png 268.0 382.0 325.0 274.0 380.0 327.0 -2.0
kreska_20230413-110245_274_380.png 270.0 378.0 324.0 274.0 380.0 327.0 -3.0
kreska_20230413-110303_274_380.png 276.0 383.0 329.5 274.0 380.0 327.0 2.5
kreska_20230413-110318_274_380.png 274.0 380.0 327.0 274.0 380.0 327.0 0.0
kreska_20230413-110402_274_380.png 274.0 376.0 325.0 274.0 380.0 327.0 -2.0
kreska_20230413-110432_274_380.png 269.0 382.0 325.5 274.0 380.0 327.0 -1.5
kreska_20230413-110521_274_380.png 275.0 382.0 328.5 274.0 380.0 327.0 1.5
kreska_20230413-110547_274_380.png 274.0 376.0 325.0 274.0 380.0 327.0 -2.0
kreska_20230413-110624_274_380.png 270.0 379.0 324.5 274.0 380.0 327.0 -2.5
kreska_20230413-111045_274_380.png 280.0 381.0 330.5 274.0 380.0 327.0 3.5
kreska_20230413-111131_274_380.png 274.0 378.0 326.0 274.0 380.0 327.0 -1.0
kreska_20230413-111212_274_380.png 275.0 384.0 329.5 274.0 380.0 327.0 2.5
kreska_20230413-111232_274_380.png 270.0 380.0 325.0 274.0 380.0 327.0 -2.0
kreska_20230413-111259_274_380.png 267.0 381.0 324.0 274.0 380.0 327.0 -3.0
kreska_20230413-111324_274_380.png 273.0 380.0 326.5 274.0 380.0 327.0 -0.5
kreska_20230413-111404_274_380.png 269.0 378.0 323.5 274.0 380.0 327.0 -3.5
kreska_20230413-111428_274_380.png 269.0 377.0 323.0 274.0 380.0 327.0 -4.0
kreska_20230413-111447_274_380.png 277.0 382.0 329.5 274.0 380.0 327.0 2.5
kreska_20230413-111507_274_380.png 276.0 384.0 330.0 274.0 380.0 327.0 3.0
kreska_20230413-111553_274_380.png 274.0 384.0 329.0 274.0 380.0 327.0 2.0
kreska_20230413-111612_274_380.png 277.0 382.0 329.5 274.0 380.0 327.0 2.5
kreska_20230413-111634_274_380.png 271.0 380.0 325.5 274.0 380.0 327.0 -1.5
kreska_20230413-111709_274_380.png 275.0 386.0 330.5 274.0 380.0 327.0 3.5
kreska_20230413-111736_274_380.png 269.0 380.0 324.5 274.0 380.0 327.0 -2.5
kreska_20230413-111808_274_380.png 270.0 382.0 326.0 274.0 380.0 327.0 -1.0
kreska_20230413-111830_274_380.png 273.0 380.0 326.5 274.0 380.0 327.0 -0.5
kreska_20230413-111855_274_380.png 272.0 380.0 326.0 274.0 380.0 327.0 -1.0
kreska_20230413-111915_274_380.png 271.0 384.0 327.5 274.0 380.0 327.0 0.5
kreska_20230413-111937_274_380.png 274.0 381.0 327.5 274.0 380.0 327.0 0.5
kreska_20230413-112040_274_380.png 270.0 381.0 325.5 274.0 380.0 327.0 -1.5
kreska_20230413-112106_274_380.png 274.0 384.0 329.0 274.0 380.0 327.0 2.0
kreska_20230413-112136_274_380.png 274.0 378.0 326.0 274.0 380.0 327.0 -1.0
kreska_20230413-112216_274_380.png 275.0 384.0 329.5 274.0 380.0 327.0 2.5
kreska_20230413-112250_274_380.png 271.0 382.0 326.5 274.0 380.0 327.0 -0.5
kreska_20230413-112324_274_380.png 274.0 382.0 328.0 274.0 380.0 327.0 1.0
kreska_20230413-112358_274_380.png 273.0 382.0 327.5 274.0 380.0 327.0 0.5
kreska_20230413-112436_274_380.png 275.0 379.0 327.0 274.0 380.0 327.0 0.0
kreska_20230413-112458_274_380.png 274.0 383.0 328.5 274.0 380.0 327.0 1.5
kreska_20230413-112524_274_380.png 279.0 388.0 333.5 274.0 380.0 327.0 6.5
kreska_20230413-112556_274_380.png 277.0 386.0 331.5 274.0 380.0 327.0 4.5
kreska_20230413-112615_274_380.png 267.0 381.0 324.0 274.0 380.0 327.0 -3.0
kreska_20230413-112646_274_380.png 274.0 382.0 328.0 274.0 380.0 327.0 1.0
kreska_20230413-112724_274_380.png 275.0 382.0 328.5 274.0 380.0 327.0 1.5
kreska_20230413-112804_274_380.png 274.0 375.0 324.5 274.0 380.0 327.0 -2.5
kreska_20230413-112840_274_380.png 271.0 383.0 327.0 274.0 380.0 327.0 0.0
kreska_20230413-112915_274_380.png 274.0 381.0 327.5 274.0 380.0 327.0 0.5
kreska_20230413-113026_274_380.png 273.0 381.0 327.0 274.0 380.0 327.0 0.0
